91907668	None	None	None	None	None
24608007	263492	34087	7619	1124	8087
90558249	None	None	None	None	None
32527320	123517	12921	2927	563	3129
24309683	167024	11988	2827	533	2849
505235	221002	9517	1763	265	1740
22567564	67052	6289	1474	287	1528
90058076	None	None	None	None	None
17180270	295057	5744	1353	211	1331
91622243	None	None	None	None	None
66776877	10471	3559	568	93	763
20926167	868933	68147	15313	2299	15373
4223460	1522130	40986	8840	1262	10045
11575638	1129375	29681	7848	1297	8185
66885258	173065	36788	7758	1028	8869
79260234	47059	30777	6440	865	6416
22800138	180235	19588	4643	735	4741
21730061	397979	19960	4712	794	4417
13884647	992844	22080	4970	728	5128
91919689	None	None	None	None	None
73396516	28015	17185	4169	769	4040
24258140	220231	18799	4574	614	4311
90477488	None	None	None	None	None
90362972	None	None	None	None	None
68107295	58111	14958	3573	639	3483
2186323	584158	12806	3106	650	2787
8898289	234927	10872	2628	479	2546
18122967	237226	11626	2513	336	3087
22807288	173377	7644	2105	336	1699
23875177	136239	9445	2080	355	2192
92163161	None	None	None	None	None
19146584	270214	6108	1729	306	1503
69952771	5094	3876	1272	343	1127
57387467	39334	6727	1510	271	1576
20842584	169497	5798	1393	255	1358
17612298	105950	5334	1366	229	1241
18337230	135994	5053	1247	213	1292
23417348	78748	4620	1119	202	1179
77246900	3192	2551	803	100	660
32473230	206529	4662	1068	138	977
90495633	None	None	None	None	None
69723223	6675	4099	1094	159	939
73423551	6335	3791	927	125	904
18707544	109671	4288	997	177	1034
58415817	20718	2722	773	156	640
63981777	14188	2019	610	113	456
22517173	57906	2169	562	125	490
82880889	960	645	162	20	131
59252131	264077	54847	9639	1127	12733
23911969	348583	30837	5941	734	6957
51439081	161321	28867	5102	607	7233
58322310	128250	23543	4961	615	5505
90969607	None	None	None	None	None
66870444	42029	13256	3129	394	3178
69147668	8222	6029	1919	400	1626
90475416	None	None	None	None	None
22975446	165555	8404	1933	295	2015
69113691	12625	6492	1378	213	1621
69750157	8805	5761	1328	259	1315
66879033	27275	4609	1202	191	1022
18106405	113249	4997	1367	187	1102
27247983	18088	3762	938	133	948
21953276	103695	7789	1773	365	1795
66642895	10963	2415	646	150	544
69107343	5956	3028	650	82	752
69611800	5281	2609	559	61	629
69602203	2175	1320	259	38	307
32419566	274440	35183	7691	1113	7556
77217307	52218	36799	6967	853	7843
43559690	188060	30100	6425	891	6533
43557679	259860	18671	4866	739	4855
5867826	2534589	22311	6782	1592	4653
23925983	337360	22639	4053	519	5907
90500089	None	None	None	None	None
8966038	365216	15867	3478	480	3758
56587927	160381	17139	3480	542	3747
19643516	373620	14031	3336	542	3197
67905641	43250	13112	3144	482	3086
23681832	705770	11560	2795	459	2825
67297119	18280	10086	3128	432	2688
24078342	204452	8148	1888	301	1620
23361031	175833	6927	1803	293	1463
6856395	452788	8067	1854	271	1780
10012605	351072	6343	1488	288	1452
38207370	60821	6159	1527	248	1377
69624138	12307	7111	1551	236	1659
23604146	117286	7701	1362	228	1482
69651948	8761	5588	1326	198	1384
67387637	19689	4810	1198	230	1121
66208949	47697	4574	1222	184	910
23004819	124051	3878	969	176	875
22743655	59271	3366	707	117	784
5364466	26851	2643	931	149	595
70449720	4376	2680	616	103	635
58902261	4987	1992	601	106	508
65323495	5211	966	289	59	226
24993477	81846	468	101	15	88
74156847	50282	32628	7749	1001	7221
69722932	45153	27185	6504	1017	6511
2873341	1633082	28050	6167	985	6453
4516603	1291989	18683	4851	738	5102
58322032	144086	23562	4025	475	6007
83457211	20919	12100	2893	350	2613
19642300	675046	13417	3255	489	3090
21805647	142059	12017	2783	356	2828
91015734	None	None	None	None	None
58652554	46898	8615	1981	348	1960
6065973	93208	9442	2191	307	2480
14172218	272640	7178	1704	285	1688
67657903	18404	5221	1606	278	1109
27314106	42638	4553	1145	267	1138
41691681	40288	4322	1195	145	1122
20953235	166146	4497	908	180	915
90077748	None	None	None	None	None
18201121	134259	3200	730	117	726
22007133	61587	3212	752	116	763
4066366	578258	2753	623	108	648
21936422	44924	2176	550	92	515
19282842	55491	1876	527	95	440
32371116	61239	2386	582	63	624
90476495	None	None	None	None	None
21386172	28797	1764	462	83	413
27299040	10678	1683	369	66	340
57394751	1844	955	227	37	228
67798867	32847	17817	4610	888	4703
69728334	31364	17025	4031	724	3697
67859654	25031	14763	3364	617	3381
69973530	20654	11804	2683	433	2682
21045571	395196	11717	2608	372	2569
79591974	16517	9716	1888	265	1883
22435455	703277	9242	2307	351	2214
66319158	89187	8476	2047	349	2026
75121041	12583	9771	2184	269	2292
69657346	13749	8301	1817	356	1844
50258521	91629	7917	1964	385	1655
32510914	86033	7655	1678	221	1544
66699016	23759	5432	1473	277	1270
3066700	143382	5888	1363	248	1353
24000902	87768	6479	1490	259	1502
71394494	6703	4403	1360	212	1027
27148880	56647	5246	1155	206	1235
20916740	51444	4759	1106	201	1112
22582347	90717	4486	1037	181	1149
90927453	None	None	None	None	None
21090022	87546	4177	1006	155	1061
18570035	146544	3995	964	201	928
38787228	45140	3765	949	171	896
20959494	79982	3234	816	170	730
23735762	58056	3383	880	189	767
77002718	5736	3405	855	84	832
32630856	46648	3037	744	131	728
13663080	48551	3785	860	144	856
48156260	24594	3220	765	138	726
23513162	81252	2904	686	107	695
66558447	12075	2210	967	166	423
10346417	74650	2059	419	60	475
19790918	30565	1773	443	71	372
70899246	3245	2013	428	75	476
23736241	28731	1813	393	77	424
19585189	34283	1650	320	26	455
6183373	77654	1396	354	52	334
75155325	2919	1667	306	30	325
22314984	26696	737	213	50	167
17827584	396869	2572	554	95	607
21356529	105556	285	74	7	63
68961315	102941	59175	14632	2203	13350
81261328	36097	24162	5942	753	6271
72349458	33669	22175	5891	984	5847
68066861	30846	17753	4068	772	4077
66203812	49469	13856	3212	491	3365
16004420	1031556	12033	3393	525	3240
27131620	131556	13475	2906	502	3132
17815374	301945	11096	2725	461	2566
21961691	352808	13181	3340	427	3121
37942165	130791	10043	2237	340	2197
76745664	15948	10472	2413	275	2344
19642310	284664	7352	1806	299	1702
91593072	None	None	None	None	None
19202489	185182	6274	1550	313	1446
1894834	116022	5678	1333	229	1297
19113285	76296	4337	1021	192	1029
67145368	19178	3487	911	165	811
92080491	None	None	None	None	None
8700488	80140	3267	784	130	793
20722577	76180	2707	657	108	640
32302029	23528	1875	680	101	404
68052855	5417	2561	576	85	796
5235193	104566	2575	618	91	577
91686130	None	None	None	None	None
24335614	29859	2379	548	84	531
17931560	57326	2157	530	48	528
91017305	None	None	None	None	None
21679119	91747	1747	402	59	423
5373241	110452	1589	339	49	372
67459480	5592	1351	338	67	302
38064503	21749	1272	386	57	310
19821163	67231	1151	265	62	310
68984984	2908	1222	259	37	250
67398501	8610	1087	237	40	250
93201231	None	None	None	None	None
74611680	1199	644	119	16	145
