73408813	32262	20765	5383	938	4816
66414204	27361	6512	1553	223	1468
507538	123563	3558	823	101	903
24292464	29850	2567	680	146	626
6076094	28932	1501	428	86	320
92148273	None	None	None	None	None
6455909	9278	1339	394	75	335
69222927	14003	5878	1297	206	1316
66342672	13980	5242	1145	215	1199
90495633	None	None	None	None	None
5856984	28235	1131	333	72	277
65649349	56773	6525	2138	397	1432
69224948	10194	6797	1438	182	1577
22821495	57842	4547	852	110	1033
506445	94053	2373	549	99	555
19628701	99334	6118	1458	251	1522
17815210	65572	2407	589	99	582
79413147	2303	1484	375	32	330
90566222	None	None	None	None	None
38090212	91140	10236	2575	438	2300
79427212	25445	16966	3149	370	3575
22217421	277561	8087	1894	362	1870
37778629	54530	6655	1854	293	1492
43623934	151527	8085	1907	329	1823
67660807	18206	4212	960	187	1013
72457797	2480	1513	431	71	323
91055172	None	None	None	None	None
3868909	488703	13571	3141	583	3100
75122976	18891	13174	3096	440	2768
68961507	20616	9706	2754	413	2115
69233326	32084	12196	2469	349	2562
5205703	234850	7693	1768	300	1825
66987051	32090	6866	1572	255	1553
67623351	21054	5732	1247	217	1276
91626232	None	None	None	None	None
17160284	59103	1995	507	85	466
59399745	6623	1134	286	46	254
72478552	35309	20457	4024	586	4279
6005563	304728	10388	2521	496	2294
19088793	233726	9879	2008	321	2138
32760160	70220	5529	1431	162	1314
62230892	23179	5009	1182	206	1172
14174488	127178	3139	782	131	761
67085166	20200	5699	1330	215	1295
15125419	80738	3490	849	95	756
80528355	1985	1455	295	30	307
