20657297	95757	7458	1904	328	1726
92598308	None	None	None	None	None
17187282	102465	4456	1101	196	1047
14744847	167400	13975	3111	570	3121
69307927	8565	4548	1214	266	1107
83497000	3435	2527	596	93	591
56509254	55461	12385	3070	374	3226
69042636	18492	9229	2160	421	2026
79290352	17422	10400	2495	276	2324
4222449	253045	8025	1848	313	1857
58669280	4738	2783	700	93	665
13933606	60439	1592	413	48	367
90995944	None	None	None	None	None
66325007	8241	3326	757	146	703
69958223	4124	2444	454	75	635
92817358	None	None	None	None	None
505037	56142	2870	900	149	792
90411128	None	None	None	None	None
19280305	223420	7932	1867	331	1910
92563257	None	None	None	None	None
