43386343	106266	12919	3705	758	3057
21245919	154594	6959	1645	257	1762
8844957	1194705	68362	16718	2514	16316
77453012	52091	42539	11320	1377	9895
5391970	471177	29282	7233	1200	6902
79223400	69331	34861	7941	1036	8048
5453516	538262	18824	4799	859	4426
77012110	23033	16931	5387	596	5171
44280768	116504	16732	3999	711	4114
76933145	20716	15519	4406	454	3659
6127165	996874	14618	3703	509	3701
4663518	400491	12302	3108	453	2923
92437543	None	None	None	None	None
21330720	275000	11109	2753	472	2684
92237196	None	None	None	None	None
22950639	278079	9203	2292	380	2154
79454042	11051	8834	2159	272	2087
21061505	41692	8873	2103	330	2216
90453055	None	None	None	None	None
91011100	None	None	None	None	None
58212134	27701	6778	1688	322	1662
70443384	22431	13155	1698	525	2663
91914707	None	None	None	None	None
26232805	617016	127566	31583	4612	29114
58346225	462181	55313	12519	2118	13869
21303576	483772	47982	11089	1693	11564
21274580	90044	31709	7379	1231	7722
90930392	None	None	None	None	None
75094962	35727	23293	6174	711	5711
15857909	468653	28837	5766	977	6429
81001855	31607	19833	5148	608	4635
21865211	1577384	26350	6213	804	6031
66191084	146530	25197	6297	938	5907
59256828	145210	21050	4970	859	4950
69703281	36320	20333	4931	895	4901
66591621	104689	19835	5196	785	5145
5528732	765107	20557	5073	840	4911
24096079	244664	17700	4246	591	4394
70146149	29453	17818	3928	776	4451
17892587	206513	15447	3801	591	3895
57246811	110887	13211	3509	674	3098
72449981	29471	20014	4354	728	4716
18021863	584677	14330	3483	608	3441
6850571	802654	19324	4663	699	4643
66193274	82094	17324	4252	714	4015
69490134	28243	16025	3379	622	3734
65495054	24288	13488	3282	547	3250
69074927	41156	13915	3239	682	3305
23496856	229393	13695	3236	506	3602
13856991	652819	11448	3201	484	2992
22465085	482579	13662	3261	460	3186
24064370	373585	14491	3418	636	3384
32752267	141051	11763	2917	505	2848
92235631	None	None	None	None	None
58634210	71467	8234	2763	459	2096
24309683	167024	11988	2827	533	2849
57052125	148579	12575	3016	415	2932
92102303	None	None	None	None	None
92087281	None	None	None	None	None
92235469	None	None	None	None	None
69739191	19307	12083	2493	454	2661
91034248	None	None	None	None	None
37019723	102516	9485	2469	406	2275
5375578	420272	10601	2460	321	2567
69228764	33158	15647	3758	487	3571
65891324	22600	11629	2654	438	2863
15950087	331909	14226	3379	505	3245
71598401	10596	7816	1714	301	1603
65495748	44841	8497	2071	367	1984
90109262	None	None	None	None	None
19475700	182426	8091	1947	310	2051
65948220	82373	8270	2008	289	2084
92489444	None	None	None	None	None
24267878	125938	7858	1954	323	1958
73595004	13750	7834	1819	266	1972
23337129	104322	8108	1892	294	1919
67107812	24723	6021	2366	287	1100
92400287	None	None	None	None	None
69105306	16622	7621	1908	387	1752
38232013	57193	9302	2172	398	2199
21812431	155533	6881	1673	282	1643
27139541	76141	6177	1743	336	1440
67544300	11142	5854	1527	276	1343
505235	221002	9517	1763	265	1740
24674307	85512	5231	1515	249	1310
20895407	48657	5896	1424	260	1462
8028049	217556	5602	1352	258	1331
90944212	None	None	None	None	None
66827095	33007	7934	1923	391	1837
55823344	41752	5107	1272	263	1227
67262562	21132	6995	1449	218	1708
43388251	51227	5669	1463	158	1547
23986915	84970	5492	1203	206	1295
21725711	40755	3891	1125	212	918
13861641	142548	5925	1092	198	1258
67242588	15460	4855	1177	220	1213
18280273	133249	4769	1189	171	1182
83484720	9398	5634	1177	116	1252
74612261	9501	8018	1323	184	2005
69001775	6967	3572	930	181	766
20885023	73117	4136	1032	183	910
19348382	1269752	3857	952	127	897
58268750	17572	3180	906	212	666
4184029	29865	2019	881	180	364
19088350	75481	3590	868	127	847
6170066	91388	2810	775	120	714
38203523	77111	2494	639	103	578
56868238	32489	2418	636	105	553
58411432	21890	2645	541	95	672
32597916	17973	2615	533	116	433
18172227	14186	1862	390	68	445
18489851	702214	13065	2633	392	2769
6444591	678902	7630	684	89	1181
5528723	353814	1204	310	60	327
73498668	134737	87299	19996	2976	19901
15959175	1695130	71206	16217	2319	17173
20926167	868933	68147	15313	2299	15373
65594079	238282	67847	16371	2250	16644
27348970	505241	50616	11609	1743	12280
27137313	415017	49721	11768	1834	12166
6110204	1314850	45169	11088	1677	11563
67440079	142310	38295	8853	1577	9481
4223460	1522130	40986	8840	1262	10045
9964442	1884629	34934	8128	1154	8357
22142004	463772	30652	7054	1037	7361
27032759	337080	28189	6422	1040	6422
90089959	None	None	None	None	None
57503551	341991	25547	6358	981	6306
69772574	31087	19323	5041	987	4600
22800138	180235	19588	4643	735	4741
21730061	397979	19960	4712	794	4417
13884647	992844	22080	4970	728	5128
66325361	54062	21432	4980	750	5221
65495623	99492	20863	4619	744	4839
9029614	880398	17935	4294	641	4442
47885431	175515	18540	4297	768	4431
91981002	None	None	None	None	None
24258140	220231	18799	4574	614	4311
45333755	142596	15810	3752	650	3674
21353468	453474	10165	4523	1142	2721
50772457	149375	16345	3830	627	3807
73562615	24960	15016	3745	591	3573
79469269	24133	15861	3755	450	3751
27431970	208757	16201	3501	567	3531
58260604	70612	18355	4258	782	4167
58459481	69532	14463	3152	648	3218
6075188	586776	16453	3584	517	3893
6328747	669201	16065	3573	544	3867
72476715	21248	13669	3682	714	3056
74552434	17855	12815	3362	449	2813
32445963	206611	14023	3323	460	3241
2186323	584158	12806	3106	650	2787
66698847	86036	12737	3118	512	3182
6609265	667629	15757	3920	584	3804
83590341	21639	12372	2981	353	2883
20843382	341242	12898	2767	357	3218
58135982	124908	11526	2903	446	2950
65598882	32256	11272	2544	397	2558
18175416	585939	11128	2804	368	2622
67074123	44795	8518	2414	420	1578
66973836	38589	10896	2447	360	2702
79558374	19500	12894	2978	361	2782
27139520	216488	8010	2575	446	2023
32343985	120093	10979	2542	464	2683
22158469	270923	10558	2425	386	2345
32577028	160995	9545	2437	412	2242
3703555	714039	12686	3140	517	2895
5245120	257810	11685	2603	335	2896
67306938	45692	19719	2737	387	3905
4676160	417859	10124	2562	410	2495
32512961	167419	9501	2370	427	2342
66323638	41026	9427	2157	376	2127
75195702	13620	8060	1914	271	1942
22945817	97677	7856	2168	376	1809
92598308	None	None	None	None	None
16967125	207543	7513	1884	419	1844
66044204	88441	9314	2270	311	2860
23931777	223150	9043	2263	308	2247
27347872	92275	8517	2175	391	2011
3510544	433149	7132	1844	334	1729
90073993	None	None	None	None	None
67262313	28301	7076	1788	253	1777
21760312	135881	8991	1903	263	1945
67139197	15754	6350	1773	290	1515
6007445	316783	5466	1355	291	1360
57270090	43191	5795	1476	260	1357
27350247	68832	4793	1580	271	999
82681486	9993	6264	1505	199	1351
38116672	65586	5989	1365	226	1430
19658078	81868	7836	2130	362	2014
67351333	18497	5989	1417	275	1375
6855688	336461	5546	1333	241	1305
67346765	22004	5888	1502	271	1393
59172351	41650	5511	1414	237	1442
45246346	50132	6259	1381	208	1381
21163730	154136	5829	1332	286	1204
21721034	336029	5497	1228	185	1230
5211238	180050	4551	1087	226	1128
67750701	13717	7234	1223	210	1808
6061978	287211	5525	1332	212	1272
76827572	6398	4955	1438	174	1271
22137126	158978	5728	1326	191	1268
68200796	12091	4389	1114	220	1058
66850151	22562	4415	1099	227	1073
21111619	138516	4594	1112	180	1115
79292984	7570	5324	1325	125	1319
4533660	116398	4324	1045	165	1072
56626810	41499	4682	1137	167	1168
11554659	202954	3809	1126	246	860
18396978	479690	4182	1015	149	1034
56533457	53785	4607	1000	199	1014
70449599	5091	3293	938	177	788
43607243	25798	4343	924	181	913
69034297	8399	3486	927	171	946
18707544	109671	4288	997	177	1034
27336382	74961	3483	894	190	856
21560374	49790	6762	858	176	1946
4297089	324876	3980	980	145	917
65951182	19249	3181	844	176	771
67410021	15345	3423	848	117	843
8440409	199666	3716	868	122	935
90410989	None	None	None	None	None
91965144	None	None	None	None	None
32504824	33474	2298	623	96	647
19671916	86212	2774	657	105	675
21799759	62130	2377	644	121	614
19685688	105049	2715	598	112	666
24638179	132791	2454	584	99	619
9461171	106876	1909	505	88	454
22440453	105465	1775	500	87	369
23641884	13936	1576	429	78	372
32422251	22786	1626	399	77	415
22006960	121996	1574	381	55	346
23591872	78129	1114	261	43	258
9980089	560292	1126	230	38	334
22783351	74450	600	123	20	162
19612173	1278472	70090	16686	2541	16282
63218225	290797	53455	12288	1799	13019
43596947	305350	52416	12871	2027	13127
59399241	341900	38653	8733	1259	9390
69949884	45146	26290	8186	1418	5413
22968280	137261	18697	5506	1048	4017
23022705	384093	22330	7135	938	7849
20916623	378215	23944	5668	789	6051
76837984	38897	25325	6025	631	5560
18004188	445799	22697	5329	807	5135
32666090	214650	21060	5165	818	4987
92753922	None	None	None	None	None
90969607	None	None	None	None	None
69615389	28539	16719	4148	669	4121
