65813087	15195	3848	915	146	806
79420779	3963	3690	1444	200	844
67097352	16566	5011	1062	169	1170
91972421	None	None	None	None	None
92104837	None	None	None	None	None
69038348	6263	2523	638	125	561
91622963	None	None	None	None	None
67198914	5664	2504	594	116	580
18615259	56867	3285	636	102	799
76839581	55757	33812	7747	1009	7587
90577425	None	None	None	None	None
14744847	167400	13975	3111	570	3121
52351206	128271	10846	2458	339	2357
92178032	None	None	None	None	None
91925991	None	None	None	None	None
6237221	53422	5717	1683	307	1191
83560923	6586	5281	1534	261	1243
24804348	27561	5704	1308	247	733
90588122	None	None	None	None	None
91039490	None	None	None	None	None
46948401	49239	2629	670	112	604
23679311	49184	2192	501	94	558
92492671	None	None	None	None	None
22939375	53707	1672	400	67	431
21786195	150522	1327	287	52	320
90464771	None	None	None	None	None
59102128	28148	1019	234	49	227
4222449	253045	8025	1848	313	1857
90486016	None	None	None	None	None
92341873	None	None	None	None	None
58184296	7083	3114	927	155	718
69766674	6638	3191	822	149	794
9292340	59211	3151	792	140	673
18145065	136019	3181	690	93	826
21939018	36845	2237	510	84	559
67008672	14381	2428	466	63	550
67175019	7960	1645	424	81	341
57194480	11334	1636	352	38	363
35598258	24045	993	230	45	232
6089911	392544	17789	4763	715	4437
5657797	195664	16401	3926	671	3147
56826998	48770	8677	1866	343	1664
90097448	None	None	None	None	None
90465678	None	None	None	None	None
13669983	131133	3528	830	135	830
27293646	45334	3451	852	89	885
8063997	203398	3107	705	127	646
67118735	13389	2983	699	126	722
18686210	52049	2251	555	94	542
32371116	61239	2386	582	63	624
92614734	None	None	None	None	None
21043570	114470	1857	454	67	441
77282732	20931	13117	2880	374	2666
65712386	63262	9843	2379	309	2498
92249656	None	None	None	None	None
21707282	91655	7116	1832	307	1798
4739510	108661	6153	1443	178	1524
2275675	178702	8088	1447	197	1565
67856205	14739	3428	878	169	863
14748486	109624	3333	797	128	821
21791768	83802	3862	931	113	955
21626910	75818	2797	658	107	676
90323198	None	None	None	None	None
56625212	23656	1677	406	78	405
27435263	22772	1498	388	68	341
21058960	40422	1291	335	64	302
73598279	2213	1394	332	48	348
92315066	None	None	None	None	None
74584828	1226	782	177	28	178
80997366	1742	1112	253	35	272
90411621	None	None	None	None	None
38121770	8265	637	148	18	120
73590949	1196	598	137	14	123
92106255	None	None	None	None	None
15121643	52069	500	105	24	118
4213779	18789	227	56	9	56
22387222	52567	339	62	9	76
1948870	212761	37478	7633	1014	10585
92183480	None	None	None	None	None
74103925	15272	10349	2700	321	2589
90413257	None	None	None	None	None
19794065	27389	8491	2855	248	1048
91593072	None	None	None	None	None
4528436	91045	7971	1961	359	2162
17630825	226787	7744	1787	345	1811
23926034	96841	6633	1650	225	1535
17943753	133207	6753	1916	403	1632
79592630	8809	5878	1485	171	1273
23049334	163133	3907	890	175	900
67587101	7253	4061	1030	150	1153
75177721	5527	3394	720	73	997
51660376	25641	3736	857	154	722
93175361	None	None	None	None	None
18335517	171045	2555	680	169	553
57235243	11483	3395	701	113	887
77255108	3687	2557	792	113	568
22440943	43066	2815	701	113	591
92076992	None	None	None	None	None
23536752	66193	2384	617	57	588
20778216	30245	1831	414	78	432
67865140	5737	2613	439	55	665
22040545	45253	2217	468	37	580
5737686	52803	1372	342	77	356
66717604	15053	2152	449	81	468
23102231	36011	1578	403	42	399
32480707	42622	1397	337	60	321
69424008	4127	1807	428	66	428
77445218	2096	1443	330	37	440
66036340	12237	1361	281	54	280
9457043	47904	1486	321	63	354
9856373	27086	1387	373	68	326
57801831	7538	925	249	38	247
22050123	33112	866	195	28	202
90476072	None	None	None	None	None
4113264	146470	965	238	42	211
5646307	96977	670	169	31	155
50348374	3292	532	213	41	119
18610332	4600	813	167	31	161
24916593	10489	683	161	35	190
92571232	None	None	None	None	None
68971927	2730	701	125	18	173
69727966	1509	573	122	23	129
90091380	None	None	None	None	None
66816176	3066	604	119	15	134
6049844	17971	94	12	0	31
