26232805	617016	127566	31583	4612	29114
67403366	63288	37994	9977	1956	8198
57490660	185588	33045	8237	1183	8203
23596944	28339	17600	5130	933	4216
15106979	467894	15785	3715	677	3412
92712986	None	None	None	None	None
13784702	1003999	31940	7944	1088	7480
24996989	348436	27176	6748	925	6524
72476715	21248	13669	3682	714	3056
66698847	86036	12737	3118	512	3182
16978893	250755	13669	3691	768	2888
75196919	20885	13534	3298	454	3053
38163600	41468	12442	2938	480	3205
37928719	88219	9123	2480	452	2233
19397302	223808	13377	3307	516	2888
18326475	257683	9017	2136	358	2155
66756779	70207	9018	2196	353	1968
10014834	279596	7145	1726	230	1995
90270586	None	None	None	None	None
69454903	2786	1630	390	76	389
21019682	438235	20935	5248	774	4936
92348166	None	None	None	None	None
38113727	33114	16975	4487	644	4132
57437720	89635	14298	3027	466	3043
20667380	297790	9865	2467	380	2370
32653808	30178	7009	1731	256	1621
8985698	203276	4959	1218	133	1158
73423179	25297	15929	3968	584	3878
24354963	184889	16837	4169	672	3725
15909519	1281056	17367	4242	686	4286
79467695	35189	20438	4213	562	4280
92438601	None	None	None	None	None
69687133	19144	12316	2870	372	2924
16977731	449004	10979	2645	390	2467
68116314	21114	9246	2309	429	2140
24682309	129787	10782	2236	281	2556
14693398	559566	7906	2096	330	1797
66053191	58659	5790	1420	269	1330
92756870	None	None	None	None	None
22662157	46169	2188	489	75	526
8067103	1397351	51765	15038	2290	12682
20952202	483210	16223	4497	813	4313
8960829	449330	12241	2796	429	2953
5575891	620619	10851	2353	336	3339
22649068	97737	7761	1891	312	1770
69504258	18484	9524	2065	305	2262
66647173	23573	7231	1696	295	1819
17921879	108980	4107	965	151	918
32573190	36204	2061	576	77	522
19630926	47779	2085	571	103	513
92220753	None	None	None	None	None
27034021	15361	1223	150	4	347
24732947	366978	50682	15079	2593	8198
66728386	94540	20942	5994	1051	5805
33578217	143915	18666	4308	627	4229
67868150	27349	15678	3491	733	3921
78988248	26040	16871	3809	532	3674
25127542	149845	10971	2296	489	2461
38715716	162508	8607	1921	301	2021
21293199	279709	6476	1668	286	1579
65843137	42839	5339	1286	260	1189
76944735	12125	7210	1528	174	1739
4169945	359411	4094	937	118	1008
27015729	64107	3072	820	138	822
26966860	59309	2675	637	107	645
4110661	161636	1747	344	47	331
74069589	1632	1279	378	30	272
21377339	92346	686	176	32	144
23420388	240131	31156	7821	1345	6879
24706925	283223	21274	4852	818	4404
91606687	None	None	None	None	None
42654447	286752	20891	4714	721	4868
66958872	85853	19317	4299	786	4251
21006110	223904	15498	3628	541	3638
13828402	320437	15072	3876	534	3789
19363137	374738	13877	3300	622	3221
37805657	126513	13394	3236	618	3140
13820491	601141	14234	3325	458	3509
13881307	202148	11631	2884	369	2722
8697024	590063	11470	2738	406	2621
22468975	270000	11450	2767	389	2817
21146789	180232	9023	2071	365	2109
67747531	17326	8879	2079	262	2066
585916	293138	8887	2207	295	2072
67883772	27918	6867	1752	217	1668
65543567	70098	7685	1707	241	2021
15129010	198206	5920	1395	268	1424
10008863	351504	4797	1110	177	1094
17712409	106293	5086	1199	155	1208
8937396	197678	3588	908	172	826
