77274955	8576	5683	1186	141	1202
92077298	None	None	None	None	None
90411302	None	None	None	None	None
18616000	16705	2362	541	85	561
92891437	None	None	None	None	None
66967345	38915	14978	3567	665	3413
92532079	None	None	None	None	None
5260219	23259	12152	2949	436	3376
92176219	None	None	None	None	None
92618655	None	None	None	None	None
69197173	9753	6276	1971	273	1736
91674082	None	None	None	None	None
80984135	11832	7129	1348	193	1717
91999219	None	None	None	None	None
90340842	None	None	None	None	None
66427230	31907	3264	772	141	709
92287772	None	None	None	None	None
92176637	None	None	None	None	None
24113157	46426	2783	642	111	656
21308298	32074	2957	646	108	676
90506755	None	None	None	None	None
92771574	None	None	None	None	None
93098066	None	None	None	None	None
67663160	1190	923	233	46	215
69960385	1553	847	233	26	230
3098965	188349	6543	1735	250	1653
91595497	None	None	None	None	None
67027650	61966	16499	3964	554	4610
69109343	16676	7534	2816	431	2343
80538352	19463	12295	3553	412	3360
90887714	None	None	None	None	None
92103489	None	None	None	None	None
91640794	None	None	None	None	None
21293795	162609	7095	1885	281	1821
66582323	15158	5284	1265	184	1367
58503050	22919	5197	1016	200	1211
73508755	6463	3800	959	103	834
22143447	23494	4334	966	138	962
65625961	50995	3923	855	130	921
92345175	None	None	None	None	None
91626913	None	None	None	None	None
66505202	9568	2591	624	119	639
19467601	76159	2061	501	106	435
91954725	None	None	None	None	None
79449450	2742	1911	398	50	481
82459127	3971	2454	395	41	407
91955519	None	None	None	None	None
17646921	54328	1130	261	53	251
92901105	None	None	None	None	None
5490335	12685	486	152	24	149
67835270	1188	582	167	35	142
90404000	None	None	None	None	None
22912565	101092	8662	2109	328	1959
67898831	9087	5368	1187	186	1243
69896403	11083	6957	1025	150	1632
69209189	9080	4086	1045	152	939
92341505	None	None	None	None	None
66250128	7407	3043	854	144	760
32608312	15862	2190	528	89	452
92143994	None	None	None	None	None
90469880	None	None	None	None	None
13767059	9660	629	116	19	135
69330252	1901	348	66	9	85
76727769	954	535	88	4	121
67059521	75760	31322	6820	1100	7621
91971976	None	None	None	None	None
21033764	80386	5108	1580	168	877
69304269	9384	5107	1247	189	1326
68173707	12361	3991	986	165	880
68003989	5743	2911	704	133	691
56811313	42762	3070	703	141	704
56616634	23325	2794	639	93	679
24330537	15244	2908	622	77	670
77275475	3632	2423	721	74	531
6272514	73981	1979	475	67	551
90367183	None	None	None	None	None
5734907	197823	2355	542	77	531
91074447	None	None	None	None	None
91966059	None	None	None	None	None
92639992	None	None	None	None	None
90434951	None	None	None	None	None
92398186	None	None	None	None	None
83619875	4012	2847	349	46	368
69458458	3093	1317	272	51	293
22121297	222651	27271	6033	926	6394
92383698	None	None	None	None	None
68149878	17823	8517	2501	323	1647
75196150	17707	12013	2791	347	2405
90516968	None	None	None	None	None
92673024	None	None	None	None	None
27268384	73678	9162	2106	322	2116
24740224	51388	8189	1853	319	1931
43598840	51973	6601	1574	232	1639
12591965	244158	7319	1581	265	1518
69266983	17217	8692	1514	294	1703
19821841	77998	5747	1439	207	1455
93102313	None	None	None	None	None
91946204	None	None	None	None	None
90896463	None	None	None	None	None
69749393	5754	3848	904	141	989
67388297	15857	4204	912	134	1060
33599067	23697	3533	767	106	840
82470727	6120	3473	800	99	717
90891891	None	None	None	None	None
26204746	72565	3184	751	113	696
24112969	45088	3353	740	103	853
10351521	1066621	4120	763	129	851
8946985	144477	2725	700	114	684
69519173	4507	3036	613	117	627
59156467	23269	3507	637	91	654
24711011	97660	2877	616	99	687
43385319	22443	2729	730	105	599
92078624	None	None	None	None	None
76983215	3515	2376	641	77	655
32712016	17313	2218	549	89	469
22740528	46131	2446	530	92	587
6028250	61417	2515	578	80	551
92175050	None	None	None	None	None
67925318	8150	2475	519	91	599
73032529	3503	2475	508	71	559
32587529	33159	1540	402	75	322
68197997	4491	1418	315	60	404
6984742	91197	1469	322	51	321
67446477	6356	1096	229	39	249
13909224	108925	1174	222	39	219
45306122	17148	1210	241	34	282
72445230	2724	1473	263	33	345
82878121	2252	1190	214	20	284
17942438	36565	1015	214	33	220
7330293	82488	652	132	19	180
19592292	62348	404	82	15	101
68230554	45460	19961	4618	802	4409
57623766	86852	12956	3094	438	3051
91970091	None	None	None	None	None
92895852	None	None	None	None	None
92090557	None	None	None	None	None
5497675	486021	8209	2109	409	1971
6137665	453136	8645	1731	326	1941
26204731	82017	8962	1955	273	2217
70425772	12654	5711	2080	435	1886
92481179	None	None	None	None	None
6850914	156829	7038	1705	284	1548
83431351	14962	6847	1830	221	1538
52345803	78691	6824	1590	242	1525
65776696	29829	4716	1648	278	1252
17977418	44244	6854	1515	250	1417
90951360	None	None	None	None	None
13796920	200054	5009	1229	201	1145
66991691	38545	6961	1152	181	1432
92455458	None	None	None	None	None
23042751	42188	4315	912	219	957
19633243	87057	3700	839	146	909
92071374	None	None	None	None	None
67292084	17986	3362	754	139	804
20651660	182815	4421	948	153	1054
91607475	None	None	None	None	None
5339502	125156	3299	879	156	758
66134465	18462	3468	830	123	767
5248324	108676	3402	780	157	768
11576645	102916	2582	616	106	601
21374340	60022	2717	651	98	630
18621940	96131	2873	679	111	658
13833309	85862	3846	703	102	1007
4135267	856441	3291	828	89	793
66368889	6450	1727	581	59	498
66800147	14328	2619	533	96	606
69113772	7696	3225	622	70	694
67061428	10088	2395	541	110	561
14739399	137104	1990	465	95	464
17194050	53729	1837	489	89	421
91603130	None	None	None	None	None
68248221	4209	2231	453	71	468
18490618	39819	1787	387	79	416
66354847	13124	1920	415	69	432
14170238	88654	1879	378	62	444
57485351	33425	2029	459	71	430
22873713	15393	1613	410	93	349
66403475	11891	1567	382	59	368
90306746	None	None	None	None	None
24739835	13498	1991	463	95	474
67982814	4110	1643	388	39	346
80547502	2523	1772	361	42	412
92833105	None	None	None	None	None
59019675	18329	1560	345	34	380
69182717	3685	1101	256	48	271
92434382	None	None	None	None	None
6065810	40146	1038	221	51	251
62171262	4627	988	220	36	249
20841540	50986	985	234	32	219
2736721	53852	1202	197	30	290
18228420	21715	442	122	38	134
22320511	12933	461	131	13	116
93315753	None	None	None	None	None
73572243	901	514	121	16	104
67300200	2751	528	135	23	126
65982584	6747	423	93	11	89
66381954	12782	449	90	19	97
5490328	35089	256	57	7	71
92148463	None	None	None	None	None
79296471	21836	15307	3482	457	3994
4096520	1095187	12251	3176	419	2943
6131906	556469	9545	2352	424	2264
24889374	99108	10969	2202	350	2453
66815919	64242	6426	1642	309	1597
5449260	470859	7756	1799	288	1736
22235754	67159	7035	1875	281	1461
32595772	46700	5415	1395	241	1250
90033258	None	None	None	None	None
12286664	278138	5652	1233	248	1377
6423399	138713	5860	1395	183	1294
22827736	79793	5842	1424	220	1388
23712412	117394	5599	1435	305	1349
69285887	11519	7159	1431	187	1503
67094453	26838	5285	1141	218	1229
23586640	122104	4149	1096	231	1046
74601887	8224	5534	1301	134	1361
38753198	34256	3894	1116	174	942
66957586	83710	4779	1162	182	1069
73610847	8858	5009	1219	148	1190
23049334	163133	3907	890	175	900
69896585	6408	4148	1101	159	1002
92256807	None	None	None	None	None
17783225	54449	5261	1146	188	1081
73550679	7018	4791	965	135	935
73149099	5357	3217	800	122	779
24934229	53117	3265	727	132	730
15873366	57447	3278	662	134	887
8692457	124261	3378	734	131	770
66800689	16378	3689	776	100	851
92479409	None	None	None	None	None
70165628	4425	2776	685	143	667
3129649	12176	3379	665	107	817
92733684	None	None	None	None	None
75171172	5600	3418	601	84	790
90378527	None	None	None	None	None
23996470	49724	2568	605	103	550
24916417	30889	3385	683	107	977
6016296	85353	2263	618	74	677
22212432	29175	2664	626	102	630
17651918	99233	2307	571	104	568
6830812	165758	2521	575	72	596
90000927	None	None	None	None	None
92736460	None	None	None	None	None
57631111	21249	2438	586	86	623
4724495	187918	2071	511	91	468
69826571	5494	2929	561	80	641
22544862	45252	2256	496	88	519
92497872	None	None	None	None	None
91030419	None	None	None	None	None
69621600	3120	1921	430	99	438
