23540188	136272	8430	2019	293	1939
23967372	110438	9611	2411	492	2511
65812944	30521	7838	2180	331	2233
92662079	None	None	None	None	None
79211553	9141	6131	1547	137	1419
91657752	None	None	None	None	None
57205636	12779	4214	896	165	936
66482104	14569	3569	845	172	859
74580052	4763	2724	614	75	613
75092761	2232	1381	366	43	309
57411148	63390	11055	2614	470	2491
66621749	19191	8686	2149	446	1900
43549632	29986	4538	1269	268	1144
76878850	4619	3463	833	98	832
81266898	1870	1135	355	40	252
21148079	53445	1544	597	118	486
91686100	None	None	None	None	None
24757056	17518	2050	471	98	466
80528963	29967	19433	5589	764	5008
76999732	21984	13770	3244	414	2844
76733837	11789	7639	1710	229	1540
32472317	110746	6670	1631	243	1417
23078486	85950	6264	1577	474	1454
57425348	18013	4061	1013	197	937
77444973	6683	3861	1335	204	831
79294870	9160	5122	1054	161	1160
70384322	6205	3715	867	169	799
69945601	5982	3278	744	100	749
23633805	28024	2929	702	178	615
80172789	4437	2595	706	85	473
92095132	None	None	None	None	None
69005259	2252	1317	343	69	309
90455446	None	None	None	None	None
66048598	9805	541	130	25	124
69448371	19742	10721	2756	564	2625
76717227	10398	6535	1699	203	1348
18273502	55322	5279	1313	270	1166
76980198	8840	5443	1190	171	1242
75002636	7956	4956	1099	161	1136
67650860	15070	3491	836	167	829
67095818	7235	3153	773	162	714
57783197	17314	2096	593	116	536
18677085	25851	1828	382	75	438
73592837	2570	1630	403	42	361
79706751	2516	1821	386	60	402
15994985	33790	939	234	55	207
77348511	24420	17241	3935	488	3807
83502217	13359	7784	1804	222	1713
91587659	None	None	None	None	None
59398171	39838	6415	1755	332	1658
58873297	44917	5006	1429	287	1129
57974575	59842	4580	1166	222	1073
70438648	5177	3161	811	180	713
91068776	None	None	None	None	None
68112507	9623	2943	758	144	781
32332532	44526	3466	788	127	809
67919959	8672	3509	709	140	713
92748936	None	None	None	None	None
67948026	4084	1357	330	54	328
6270547	26096	1347	282	44	279
75653644	2001	1383	330	32	301
90970355	None	None	None	None	None
9951261	16650	869	237	44	211
38333147	13008	824	185	39	207
59236973	10223	1484	233	52	221
90098841	None	None	None	None	None
59211999	37094	20181	4456	677	4841
8016710	251111	15104	3352	593	3271
92108310	None	None	None	None	None
91606868	None	None	None	None	None
69843152	13484	7630	1801	348	1745
90972125	None	None	None	None	None
83431351	14962	6847	1830	221	1538
69594587	15040	7414	1869	342	1849
65776696	29829	4716	1648	278	1252
93378921	None	None	None	None	None
66363977	13142	4750	1141	217	1096
33639720	43076	3620	1104	199	907
19624186	103244	4405	1093	204	907
27426956	76745	4065	987	181	942
48230848	46894	3174	806	140	684
58245992	11989	3648	919	169	802
68982494	10159	5287	776	134	744
23216954	45636	4035	901	143	883
76723634	3610	2572	723	88	666
5131825	136603	3343	776	155	784
76750523	5067	3158	769	103	691
17867383	35376	3254	802	152	730
27133979	23935	2886	656	128	654
65676787	13181	3185	782	141	686
57948222	10288	2936	651	120	641
6210774	110056	2689	666	135	593
69733927	3797	2259	557	105	544
72470544	7496	4303	726	44	1158
79261239	5029	3079	635	74	664
28598276	17530	2118	526	71	517
43617717	13933	1887	461	96	426
69786117	2782	1737	403	83	388
90888588	None	None	None	None	None
22741883	22323	1796	398	90	392
66231615	5602	1578	360	75	368
92936156	None	None	None	None	None
5311949	42695	1156	266	61	329
67434083	2912	1092	241	52	257
75624782	986	720	160	26	188
90114417	None	None	None	None	None
69140160	2680	577	119	27	125
65982584	6747	423	93	11	89
75195993	3946	1795	99	9	91
69917736	29229	16477	4057	809	3683
67025201	53312	7319	1874	265	1709
67126784	46394	8600	2017	385	1973
23712412	117394	5599	1435	305	1349
69145782	11749	5147	1269	203	1193
92038211	None	None	None	None	None
32583935	43823	5261	1216	199	1364
91618648	None	None	None	None	None
57864919	31259	4908	1050	218	1533
24716347	61607	5384	1353	240	1250
17783225	54449	5261	1146	188	1081
24688679	124851	3982	1018	131	939
67243552	14046	3437	850	157	763
24916417	30889	3385	683	107	977
57764060	28890	2916	725	148	655
65794263	8488	2296	573	95	559
32307142	22307	2454	565	117	579
27139328	44581	2646	599	112	560
27253021	22833	1794	493	72	467
91913478	None	None	None	None	None
21138980	51649	2298	540	103	579
21169816	45134	1920	464	71	519
9322533	74397	2017	521	96	555
32321134	11607	1716	447	87	379
24310558	14022	1540	452	68	329
6044224	127185	1820	406	70	451
91617190	None	None	None	None	None
76754639	1607	1112	299	38	223
57402943	18404	1668	349	41	378
73501474	2374	1391	321	44	316
75180489	1800	1300	346	34	274
69843484	2153	1245	294	58	232
27302238	23190	1134	251	44	267
18238625	19364	1411	254	53	337
19798781	34808	1253	239	46	306
77473971	2362	1261	242	24	302
67687405	2770	809	195	31	188
17623544	42611	189	33	9	50
