66837305	42505	18824	3814	592	4384
18503796	71465	7325	1874	348	1728
79223400	69331	34861	7941	1036	8048
90508551	None	None	None	None	None
77235359	34299	22558	5366	614	5119
82693278	13472	11397	4172	564	3130
32875447	130692	17294	3940	659	4095
66102245	48012	12040	2920	507	2709
24616688	143190	11161	2445	305	2731
67408269	14554	4530	1171	179	1102
57490660	185588	33045	8237	1183	8203
90930392	None	None	None	None	None
17146822	526115	17639	4272	698	4173
70146149	29453	17818	3928	776	4451
76935330	14007	11471	4350	548	3085
79269653	19201	15161	3854	446	3567
69074927	41156	13915	3239	682	3305
59421092	59203	13199	2671	549	2595
77280988	30571	15716	3512	456	3558
15928431	206386	10165	2554	384	2448
92489444	None	None	None	None	None
79558607	10480	7729	1841	167	1804
21960274	107803	7619	1683	266	1777
90305343	None	None	None	None	None
67262562	21132	6995	1449	218	1708
69824744	7577	5322	1262	225	1265
69341456	11464	5912	1282	186	1430
20916613	224734	6094	1397	220	1537
92062291	None	None	None	None	None
90302436	None	None	None	None	None
19348382	1269752	3857	952	127	897
67208329	24890	4023	943	143	897
4184029	29865	2019	881	180	364
90046500	None	None	None	None	None
6170066	91388	2810	775	120	714
3380500	60996	1728	394	53	419
4538706	394227	28976	7475	990	6263
13784702	1003999	31940	7944	1088	7480
24996989	348436	27176	6748	925	6524
57503551	341991	25547	6358	981	6306
76836809	38591	26582	6019	773	5778
5175874	239799	23088	4422	461	5845
32704720	131049	11579	2969	459	2912
21363387	193114	13482	3212	470	3242
57698657	129070	12140	2705	439	2829
67306938	45692	19719	2737	387	3905
2229151	215490	11638	2287	320	2761
58938257	35999	9659	2150	274	2455
67435380	34355	7293	1848	376	1807
90493292	None	None	None	None	None
90004545	None	None	None	None	None
66508455	25429	8222	2213	344	1997
76942701	7699	5516	1429	166	1211
45246346	50132	6259	1381	208	1381
59162913	44039	5898	1328	243	1325
6061978	287211	5525	1332	212	1272
65739893	29663	5594	1107	188	1174
69925112	8016	5669	1021	182	1280
14877691	126768	6057	1396	175	1308
5317622	120285	5215	1202	229	1131
4533660	116398	4324	1045	165	1072
65577624	62232	4294	1062	213	1014
92372821	None	None	None	None	None
56533457	53785	4607	1000	199	1014
5712207	67461	3340	878	176	764
66422729	50332	4223	898	163	984
4297089	324876	3980	980	145	917
92038411	None	None	None	None	None
65683284	15965	4012	866	126	843
8440409	199666	3716	868	122	935
45831822	66292	3093	887	132	694
57620019	96680	2686	656	77	591
23211220	156037	3795	763	82	920
17738662	29653	2859	777	118	664
38112747	53267	2812	640	98	661
24638179	132791	2454	584	99	619
24292350	44036	1790	498	88	446
67223047	36913	3802	576	64	641
19378883	42913	1092	248	29	262
72339040	8904	5670	874	56	1680
76836701	71691	50347	13059	1566	11981
76837984	38897	25325	6025	631	5560
37794333	161770	20969	5182	674	5223
13784786	639418	25029	5620	807	5682
45924606	388129	19979	4610	664	4793
21121315	182483	14761	3489	484	3418
38090877	134972	11811	3025	514	2064
58638982	185202	12062	2802	470	2816
51696937	105330	11417	2617	533	2702
8065256	82971	13304	2816	411	2871
75129550	11366	8686	1977	247	1963
55776995	111023	9383	2167	317	2298
74588425	7607	5008	1582	227	1254
66963580	23078	8277	1637	295	1980
15102581	111095	7091	1422	227	1733
22893305	92650	5446	1241	206	1292
67720676	21337	5433	1269	210	1283
21050597	28106	5007	1260	198	1143
50802375	30218	4029	1055	145	931
6980849	196980	3071	779	102	757
64517174	25593	4476	754	111	1015
59025950	32261	3369	720	127	752
58020666	12905	2265	617	94	649
26206532	102713	2998	693	95	789
24980543	30267	1984	407	57	507
83435813	2521	1696	360	41	422
72335833	1511	829	215	20	176
91957078	None	None	None	None	None
67086009	28411	4386	1028	92	982
26979034	632295	62330	15400	2575	13781
77331021	112493	85316	18294	2108	19585
45829388	246473	41574	10844	1629	9230
2087029	279192	35247	8275	1303	8304
67850666	69632	30401	6332	1049	6356
43597201	257599	20063	4502	659	4773
17958978	701529	24881	5328	713	6043
69333929	38109	19166	4618	675	4754
66656003	72922	18873	4167	693	4457
22788368	1563297	25368	4811	598	5630
24610507	227983	10994	2994	405	1783
23759009	168364	13917	3183	496	3425
79289357	14446	10043	2250	231	2434
24000937	66911	6915	1889	369	1608
22076475	82256	10115	2492	342	2302
69121871	23042	9012	2098	278	2181
67052351	43608	8961	2004	308	2060
2197414	167200	8622	1715	211	1960
67268568	18977	6395	1529	290	1446
68122713	13661	6049	1432	239	1411
13775414	126020	4794	1258	228	1077
27307480	53817	5572	1307	192	1255
67932973	13750	5947	1347	224	1405
24798941	135508	5786	1281	206	1400
90996130	None	None	None	None	None
27292260	56703	4903	1116	182	1188
45301512	58469	5845	1179	143	1373
58529935	107506	5186	990	154	1082
4083334	320598	4068	955	147	1048
67438214	24064	3447	802	156	774
22603610	66674	3783	673	112	816
65631392	31077	3452	857	146	785
9292340	59211	3151	792	140	673
19364425	54818	2661	674	96	660
26979098	47211	2427	632	94	593
70765374	4324	2541	491	95	505
3428293	53391	1196	388	68	254
8939882	79052	1714	298	49	330
9462534	683056	23051	5987	964	5644
76296033	22017	14532	3372	407	3436
74580904	18376	12674	3117	383	2852
90042426	None	None	None	None	None
62918346	50753	7069	1970	354	1576
92023244	None	None	None	None	None
69652916	13992	7458	1618	264	1731
74620734	15097	9407	1723	248	1625
68114492	15534	3766	1112	254	797
67073157	18588	5333	1432	149	1205
16792317	84492	3630	892	167	799
18338823	217722	3184	912	186	679
67595145	18750	3332	742	120	768
66380543	44454	3043	685	113	717
15859651	67147	3236	772	141	805
3368728	63622	1595	623	125	339
32338397	50315	2493	548	78	615
9953130	40380	1785	450	70	456
23279662	13158	2166	437	64	443
93224589	None	None	None	None	None
90520255	None	None	None	None	None
79620076	2164	924	185	22	239
18260088	599698	27250	6668	1212	6539
67071007	180618	17931	4369	801	4243
17820531	277404	16666	3565	423	4396
32696950	82415	12010	2895	388	3090
59431971	59158	10993	2590	458	2550
67340455	71490	10777	2570	474	2258
80929098	12783	9101	2252	251	2290
32334572	173864	7570	2013	376	1741
21560193	313399	10009	2101	322	2339
4684767	290918	7714	2026	377	2080
5715190	169379	9560	2248	338	2291
18721633	79143	6622	1664	241	1591
2432107	493806	6348	1531	224	1588
5863562	280217	4813	1212	172	1189
65003862	71080	5055	1246	217	1287
24648175	66858	6543	1331	216	1366
67085959	17669	3464	945	185	931
17681009	37963	4818	1226	230	1085
58897890	27485	3626	950	163	788
32736166	53334	4152	950	183	1008
83060750	6494	3671	831	94	855
5385374	31122	4445	1374	106	1278
92403154	None	None	None	None	None
5359248	172129	3938	891	126	944
5308179	104524	2660	702	115	680
14709401	181839	3099	645	83	771
4129470	50164	1334	611	107	237
13722638	78807	2341	538	74	556
20936992	31060	2203	526	74	515
75212691	4193	2710	553	81	543
72473621	2288	1526	395	59	362
22302619	22010	1285	343	57	304
4679556	41739	1534	342	32	378
67409845	16805	1237	228	33	280
22314984	26696	737	213	50	167
91938312	None	None	None	None	None
24811780	731264	30551	6464	1028	7083
8359005	946264	28074	6470	1130	7595
90452723	None	None	None	None	None
69208935	50998	18060	4171	675	4218
76952982	29148	18159	4163	575	4252
4283898	124275	7099	2880	439	1285
66348283	46755	8942	1896	342	2025
5336795	247938	9014	1586	266	1829
67192219	52538	8830	1873	258	1672
38338297	11566	5580	1717	117	1744
21351979	137931	5209	1446	174	1296
2212846	87545	6987	1358	194	1533
90004928	None	None	None	None	None
67070664	33496	4744	1223	218	1154
17867865	88507	5634	1074	172	1256
6038929	216723	4375	1163	221	898
20710393	141677	5794	1519	201	1436
77968401	5963	4099	1152	154	1014
91612392	None	None	None	None	None
67113564	27816	4762	978	167	1180
43619371	30109	4871	1122	183	1198
82334200	6856	4260	1127	129	960
5269919	30334	2652	730	131	650
505157	258633	3169	805	106	754
22450002	246714	3329	493	69	1083
8566112	66195	2992	723	121	759
13810918	49349	2373	615	95	542
66014570	7488	2412	562	98	512
92265146	None	None	None	None	None
50322101	9536	1974	572	103	445
67990062	9033	2142	465	65	525
66607038	12388	1931	374	49	360
92152297	None	None	None	None	None
66891051	6185	823	183	24	203
