83506448	17962	12204	3344	389	2863
19121895	137011	17287	3943	798	4261
91036928	None	None	None	None	None
20895354	86250	12705	3139	548	3164
8996458	613350	13534	3115	538	3458
5449042	322992	10634	2459	423	2757
67919122	24108	8193	2310	494	2112
27294995	70690	9281	2115	370	2272
24637169	97067	8975	1944	312	2366
57747216	35120	3492	836	150	833
23559889	54113	2913	784	150	694
73516230	1504	1037	274	31	289
33599712	136291	17963	4547	800	4152
76995247	23893	16440	4113	519	3668
59193016	64189	14123	3356	709	3708
6110613	423163	12255	2824	488	3104
18501478	219685	11886	2716	580	2864
24505525	132344	10361	2486	466	2517
24822160	90954	9761	2357	449	2421
27304177	65938	5973	1297	245	1296
55601946	195657	20641	4920	798	4749
18500454	27261	17965	4112	706	4367
75155036	29000	20210	4986	539	4677
59278609	113699	16930	3806	660	4186
23873880	169238	14631	3142	559	4432
75666601	12474	9691	2713	311	2327
6336525	620466	12542	2831	388	3222
14684855	275742	8642	2007	398	2206
66565605	36317	7724	1909	335	1764
67594881	31423	7973	1847	365	2026
18181556	219424	7670	1810	321	1906
90273236	None	None	None	None	None
21382951	114780	6015	1348	236	1490
26233952	63209	3055	726	119	735
8225868	970094	24223	6010	1051	5339
6089911	392544	17789	4763	715	4437
66131507	67627	10513	2396	519	2405
6110614	342884	7053	1610	327	1732
5189894	270962	6059	1361	242	1471
24336209	85045	3589	883	166	864
5213588	58081	2080	424	77	468
4677920	569079	11233	2768	484	2791
76745665	13099	8914	2140	216	2028
61506922	17502	9767	2056	315	2037
18421077	8841	1237	305	59	314
5575882	1150066	19605	4636	734	4825
4043482	876675	17459	4014	709	4395
5314832	635738	14049	3342	565	3388
73422663	21503	14170	3546	591	3336
45259314	247337	10908	2555	509	2341
76900573	11801	9246	2284	275	2248
23465656	51284	6087	1223	203	1561
4689791	146311	3530	872	173	896
