92275194	None	None	None	None	None
67289051	11134	6293	1590	239	1555
21173577	727661	37284	8616	1390	8778
5275754	1197444	28284	6295	913	7066
21225390	325155	15773	3383	678	4079
71387769	18203	11851	3506	510	3740
75107881	12642	9068	2473	201	1864
18201820	403703	8711	2060	272	2140
90997201	None	None	None	None	None
69623469	9731	6868	1605	246	1833
82295214	1459	1114	348	43	335
22360812	13364	1290	346	80	332
22656889	184625	9026	2076	388	2043
27304177	65938	5973	1297	245	1296
90917482	None	None	None	None	None
5420800	1291155	22937	5113	873	5355
27386768	86906	12793	2834	477	3041
65631340	21020	3335	1073	200	924
8249113	925527	24939	6319	1142	6038
80541142	14246	8164	1578	185	1733
91011407	None	None	None	None	None
92080891	None	None	None	None	None
68121097	5791	1148	269	47	277
3648307	837781	16349	3624	519	3784
501760	675806	11397	2576	461	2625
45687893	86441	10177	2789	373	2469
67352398	19939	5043	1191	190	1412
32498140	27177	2957	800	154	697
23076921	55326	2213	511	109	510
67280031	7913	2007	423	71	470
57633972	6492	863	200	35	244
58316064	4087	447	118	25	114
67707258	29366	15663	3611	713	3566
504177	1028460	15773	3693	630	3499
32333218	110802	14229	3545	518	3493
22167244	97101	10464	2574	317	3623
66138804	14944	4955	1177	265	1149
66139048	38537	2046	583	136	426
20700932	89608	2908	624	97	663
