43386343	896	9.3	9.4	9.3
21245919	975	9.3	9.3	9.3
8844957	967	9.2	9.3	9.3
77453012	78	9.2	9.0	9.4
5391970	128	9.2	9.2	9.3
79223400	343	9.2	9.3	9.3
5453516	128	9.2	9.2	9.3
77012110	130	9.2	9.3	9.4
44280768	133	9.2	9.2	9.3
76933145	86	9.2	9.2	9.3
6127165	787	9.2	9.2	9.2
4663518	902	9.2	9.2	9.2
92437543	152	9.2	9.0	9.3
21330720	133	9.2	9.1	9.1
92237196	108	9.2	8.8	9.1
22950639	132	9.2	9.2	9.2
79454042	78	9.2	9.3	9.3
21061505	157	9.2	8.2	8.9
90453055	115	9.2	9.3	9.3
91011100	80	9.2	9.2	9.2
58212134	89	9.2	8.7	9.1
70443384	126	9.2	9.4	9.4
91914707	92	9.2	9.2	9.3
26232805	161	9.1	9.0	9.2
58346225	131	9.1	8.7	9.0
21303576	158	9.1	8.6	8.9
21274580	130	9.1	9.1	9.3
90930392	140	9.1	8.7	9.2
75094962	124	9.1	8.9	9.0
15857909	134	9.1	9.1	9.2
81001855	143	9.1	9.1	9.2
21865211	148	9.1	9.1	9.1
66191084	135	9.1	9.1	9.0
59256828	128	9.1	9.0	8.9
69703281	113	9.1	9.1	9.3
66591621	116	9.1	9.0	9.1
5528732	135	9.1	9.0	9.1
24096079	139	9.1	9.1	9.1
70146149	394	9.1	9.1	9.2
17892587	146	9.1	9.1	9.2
57246811	134	9.1	9.0	9.0
72449981	146	9.1	9.2	9.3
18021863	138	9.1	8.8	9.0
6850571	138	9.1	8.9	9.0
66193274	132	9.1	9.0	9.1
69490134	123	9.1	9.0	9.1
65495054	121	9.1	9.0	8.9
69074927	387	9.1	9.1	9.2
23496856	137	9.1	8.9	9.0
13856991	138	9.1	9.1	9.0
22465085	121	9.1	8.7	8.7
24064370	127	9.1	9.0	9.0
32752267	135	9.1	9.1	9.1
92235631	45	9.1	9.0	9.0
58634210	75	9.1	9.0	9.3
24309683	93	9.1	9.0	9.1
57052125	156	9.1	8.4	9.3
92102303	122	9.1	9.1	9.2
92087281	116	9.1	9.1	9.2
92235469	133	9.1	9.2	9.2
69739191	124	9.1	9.0	9.1
91034248	84	9.1	9.0	9.2
37019723	120	9.1	9.0	9.0
5375578	126	9.1	8.5	9.0
69228764	208	9.1	9.3	9.2
65891324	112	9.1	8.9	9.1
15950087	129	9.1	9.1	9.0
71598401	91	9.1	8.8	9.1
65495748	122	9.1	9.0	9.0
90109262	81	9.1	8.5	9.0
19475700	102	9.1	8.9	9.2
65948220	124	9.1	9.1	9.0
92489444	121	9.1	9.2	9.2
24267878	135	9.1	9.1	9.2
73595004	114	9.1	9.1	9.1
23337129	107	9.1	9.1	8.9
67107812	108	9.1	9.0	9.0
92400287	69	9.1	9.2	9.2
69105306	118	9.1	9.1	9.1
38232013	84	9.1	9.0	8.8
21812431	104	9.1	8.9	9.1
27139541	117	9.1	9.0	9.1
67544300	90	9.1	9.1	9.0
505235	92	9.1	9.0	9.3
24674307	129	9.1	9.1	9.1
20895407	116	9.1	9.1	9.1
8028049	123	9.1	9.0	9.1
90944212	66	9.1	9.0	9.2
66827095	117	9.1	9.2	9.2
55823344	118	9.1	9.0	9.1
67262562	220	9.1	9.0	9.0
43388251	195	9.1	8.6	9.1
23986915	123	9.1	9.1	9.2
21725711	119	9.1	9.1	9.1
13861641	61	9.1	8.0	9.0
67242588	92	9.1	9.2	9.2
18280273	114	9.1	9.0	9.0
83484720	109	9.1	9.1	9.0
74612261	87	9.1	9.2	9.1
69001775	111	9.1	9.0	9.0
20885023	209	9.1	8.8	8.7
19348382	231	9.1	8.1	8.7
58268750	93	9.1	9.0	9.1
4184029	97	9.1	9.0	9.0
19088350	321	9.1	9.2	8.4
6170066	391	9.1	8.7	8.7
38203523	110	9.1	9.1	9.0
56868238	107	9.1	9.0	9.1
58411432	88	9.1	8.8	8.8
32597916	92	9.1	8.2	9.0
18172227	64	9.1	9.0	9.1
18489851	138	9.1	9.1	9.2
6444591	135	9.1	8.9	9.1
5528723	129	9.1	9.1	9.1
73498668	478	9.0	8.5	9.1
15959175	136	9.0	8.5	8.7
20926167	112	9.0	9.0	9.3
65594079	185	9.0	9.0	8.8
27348970	136	9.0	8.9	9.0
27137313	138	9.0	8.6	8.9
6110204	135	9.0	9.0	9.2
67440079	134	9.0	8.8	9.1
4223460	109	9.0	8.9	9.2
9964442	132	9.0	8.9	8.8
22142004	140	9.0	8.0	8.9
27032759	130	9.0	8.8	8.8
90089959	101	9.0	8.6	9.0
57503551	330	9.0	8.8	9.1
69772574	118	9.0	8.9	9.0
22800138	75	9.0	9.0	9.1
21730061	91	9.0	8.7	9.0
13884647	109	9.0	9.1	9.3
66325361	129	9.0	8.9	8.8
65495623	128	9.0	8.8	8.8
9029614	172	9.0	9.0	8.7
47885431	130	9.0	8.9	8.8
91981002	118	9.0	8.8	8.6
24258140	92	9.0	8.7	8.9
45333755	122	9.0	8.7	8.9
21353468	127	9.0	8.9	9.0
50772457	129	9.0	9.0	9.0
73562615	127	9.0	8.7	8.8
79469269	141	9.0	8.7	8.9
27431970	107	9.0	8.4	9.1
58260604	138	9.0	9.0	8.9
58459481	104	9.0	8.7	8.7
6075188	200	9.0	9.0	9.1
6328747	159	9.0	8.2	9.2
72476715	228	9.0	9.1	8.9
74552434	136	9.0	9.1	8.9
32445963	136	9.0	9.0	8.8
2186323	102	9.0	9.1	9.1
66698847	124	9.0	8.8	8.9
6609265	287	9.0	9.1	9.1
83590341	117	9.0	9.1	9.0
20843382	123	9.0	8.8	8.9
58135982	127	9.0	9.0	8.7
65598882	124	9.0	9.0	9.1
18175416	113	9.0	8.7	8.9
67074123	130	9.0	9.0	8.8
66973836	130	9.0	9.0	8.8
79558374	128	9.0	9.1	9.1
27139520	122	9.0	8.4	8.6
32343985	116	9.0	9.0	8.7
22158469	152	9.0	9.1	9.1
32577028	127	9.0	8.9	8.8
3703555	130	9.0	8.2	8.5
5245120	480	9.0	9.1	9.1
67306938	537	9.0	9.3	9.0
4676160	131	9.0	8.2	8.7
32512961	118	9.0	9.0	9.0
66323638	123	9.0	8.8	8.6
75195702	120	9.0	8.6	8.9
22945817	135	9.0	9.0	9.0
92598308	59	9.0	9.1	9.1
16967125	106	9.0	9.1	9.2
66044204	78	9.0	8.6	8.6
23931777	122	9.0	8.4	8.7
27347872	120	9.0	9.0	8.9
3510544	120	9.0	8.7	8.8
90073993	94	9.0	7.9	8.7
67262313	118	9.0	9.1	9.0
21760312	130	9.0	8.9	9.0
67139197	137	9.0	9.1	8.4
6007445	118	9.0	9.0	8.8
57270090	110	9.0	8.3	8.6
27350247	108	9.0	9.0	8.9
82681486	100	9.0	8.8	9.1
38116672	113	9.0	9.1	9.0
19658078	75	9.0	8.7	8.9
67351333	114	9.0	9.0	9.1
6855688	78	9.0	8.6	8.7
67346765	115	9.0	9.0	9.0
59172351	56	9.0	8.5	9.0
45246346	156	9.0	8.6	9.0
21163730	75	9.0	9.0	9.2
21721034	119	9.0	8.8	8.9
5211238	119	9.0	9.0	8.9
67750701	99	9.0	8.7	9.0
6061978	1114	9.0	9.1	8.8
76827572	75	9.0	9.0	9.1
22137126	552	9.0	9.1	8.3
68200796	90	9.0	8.4	8.8
66850151	86	9.0	9.0	8.6
21111619	139	9.0	9.0	9.0
79292984	109	9.0	9.1	9.0
4533660	114	9.0	7.9	8.3
56626810	101	9.0	8.3	9.0
11554659	79	9.0	8.5	8.3
18396978	123	9.0	7.9	8.3
56533457	176	9.0	8.8	8.9
70449599	95	9.0	9.1	9.2
43607243	56	9.0	9.1	9.1
69034297	80	9.0	9.1	9.0
18707544	90	9.0	8.8	9.0
27336382	86	9.0	8.4	9.2
21560374	91	9.0	9.0	8.7
4297089	1013	9.0	9.1	8.6
65951182	121	9.0	9.1	9.0
67410021	95	9.0	9.2	9.1
8440409	633	9.0	9.1	9.1
90410989	87	9.0	9.1	9.0
91965144		9.0	8.6	9.0
32504824	103	9.0	9.0	9.1
19671916	130	9.0	9.0	8.9
21799759	84	9.0	7.4	9.0
19685688	86	9.0	7.8	8.8
24638179	141	9.0	9.0	8.6
9461171	86	9.0	9.0	8.9
22440453	102	9.0	8.2	8.5
23641884	85	9.0	9.0	9.0
32422251	103	9.0	8.4	9.0
22006960	128	9.0	8.1	8.6
23591872	112	9.0	8.4	8.5
9980089	113	9.0	8.5	8.5
22783351	114	9.0	9.1	8.8
19612173	137	8.9	8.1	8.5
63218225	133	8.9	8.4	8.8
43596947	138	8.9	8.9	8.6
59399241	146	8.9	9.0	8.7
69949884	136	8.9	8.9	8.7
22968280	95	8.9	8.9	8.7
23022705	82	8.9	8.7	8.6
20916623	121	8.9	8.6	8.7
76837984	253	8.9	8.6	8.4
18004188	136	8.9	8.7	8.7
32666090	134	8.9	8.3	8.3
92753922	128	8.9	9.0	9.1
90969607	90	8.9	8.8	8.6
69615389	133	8.9	8.6	8.5
