22912244	378	9.2	9.2	9.2
5514678	427	9.2	9.2	9.1
67755436	491	9.2	9.2	9.2
80535109	124	9.2	9.1	9.2
66849507	421	9.2	9.1	9.2
2244616	419	9.2	9.1	9.0
76664560	605	9.2	9.2	9.1
76854243	997	9.2	9.2	9.2
92049234	95	9.2	8.8	9.1
43606310	185	9.2	8.0	8.0
66879626	100	9.2	8.7	9.2
19819159	1740	9.2	9.1	9.1
91587671	233	9.2	9.2	9.1
20946806	62	9.2	8.2	9.2
22660738	1605	9.2	9.2	9.2
18604155	306	9.2	9.2	9.2
24616688	1132	9.2	9.1	9.2
2012911	630	9.2	8.4	8.5
73423036	453	9.2	9.0	9.0
26975974	63	9.2	8.2	9.2
18615887	366	9.1	9.1	9.1
69677262	373	9.1	9.3	9.2
13876883	381	9.1	8.9	9.1
66831905	377	9.1	8.8	9.1
17647597	143	9.1	8.4	9.0
69231115	621	9.1	9.1	9.0
6061638	378	9.1	8.8	9.1
17190498	378	9.1	8.8	9.1
57503397	670	9.1	9.0	9.2
23735418	670	9.1	9.1	9.3
22798132	148	9.1	9.1	9.1
44389259	626	9.1	9.1	9.0
70142460	317	9.1	9.2	9.1
79602471	551	9.1	9.1	9.0
24942816	551	9.1	9.1	9.1
77275298	589	9.1	9.1	9.1
23436398	349	9.1	9.0	9.2
6140602	1671	9.1	9.0	9.2
13881219	385	9.1	9.2	8.9
20917712	159	9.1	8.3	8.8
56526011	618	9.1	9.3	9.2
21213568	355	9.1	9.1	9.1
4172657	415	9.1	9.1	8.8
82877344	535	9.1	9.1	9.1
91015778	139	9.1	9.0	9.1
8006068	218	9.1	8.6	9.0
70146149	394	9.1	9.1	9.2
6008006	106	9.1	8.4	8.7
73418365	409	9.1	9.3	9.1
67188038	370	9.1	9.1	9.1
82691009	110	9.1	9.0	9.1
69074927	387	9.1	9.1	9.2
69512475	547	9.1	9.0	9.1
19351344	424	9.1	9.2	9.1
72355789	208	9.1	9.0	9.2
59273375	202	9.1	9.3	9.2
21942705	2081	9.1	9.0	9.4
5422403	528	9.1	8.5	8.8
23100587	379	9.1	8.4	9.1
76728530	239	9.1	9.1	9.1
90369868	58	9.1	9.1	9.1
3075064	1474	9.1	8.9	9.1
14744053	150	9.1	9.1	9.1
21121330	343	9.1	9.2	9.1
2644510	1165	9.1	8.3	8.7
59270634	783	9.1	9.0	9.1
4111271	905	9.1	9.1	9.2
6008470	247	9.1	8.8	9.0
68246520	80	9.1	9.0	9.1
68209468	250	9.1	9.3	9.3
69954336	89	9.1	9.0	9.2
6165656	471	9.1	8.5	8.8
68209993	143	9.1	9.0	8.8
5973691	1462	9.1	9.1	9.2
20916613	607	9.1	8.6	9.1
3294169	581	9.1	8.0	8.3
21302068	65	9.1	8.7	8.8
21401559	324	9.1	8.5	8.7
66968211	92	9.1	8.8	8.8
4732918	113	9.1	8.3	9.0
73588783	1566	9.1	9.0	9.1
8021121	131	9.1	8.2	9.1
90970265	195	9.1	8.7	8.9
8896168	1001	9.1	9.0	9.1
41372425	74	9.1	8.4	9.0
19096741	79	9.1	7.9	9.0
23218522	129	9.0	8.0	8.0
69648904	117	9.0	9.1	9.1
66396291	280	9.0	9.0	9.1
69877606	432	9.0	9.3	9.1
5878554	206	9.0	8.8	8.9
23481472	235	9.0	9.1	9.1
58132926	506	9.0	9.3	9.2
63061961	151	9.0	8.6	8.8
18543137	124	9.0	9.0	8.8
23978880	351	9.0	9.1	9.1
67607751	241	9.0	9.2	9.3
69702517	78	9.0	8.3	8.5
57503551	330	9.0	8.8	9.1
66131382	163	9.0	8.9	9.0
70429659	150	9.0	9.0	9.1
66685477	114	9.0	8.3	9.0
76848692	364	9.0	9.2	9.0
16981169	208	9.0	8.0	8.3
67095694	103	9.0	8.5	8.7
68066252	175	9.0	8.8	8.9
22072153	117	9.0	8.8	9.0
5660730	199	9.0	8.6	8.1
20889050	369	9.0	9.2	9.1
22393028	167	9.0	8.6	8.8
4672473	374	9.0	9.1	8.8
2087128	249	9.0	8.4	8.2
21751693	367	9.0	9.2	9.1
8965278	250	9.0	9.1	8.8
23595087	202	9.0	9.0	8.7
68193713	228	9.0	9.0	9.0
69551919	73	9.0	8.2	8.4
17708177	203	9.0	8.5	9.0
76987797	75	9.0	8.7	9.1
5245120	480	9.0	9.1	9.1
21065367	114	9.0	9.1	9.1
91654668	120	9.0	8.2	8.7
18772777	218	9.0	8.5	8.6
67400028	270	9.0	9.0	9.0
19574813	252	9.0	8.9	8.8
4101041	469	9.0	9.1	9.1
5627771	558	9.0	8.8	8.1
58020467	146	9.0	8.2	9.0
76828652	100	9.0	8.5	8.8
5322099	188	9.0	8.7	9.0
2103487	197	9.0	7.7	7.8
19409686	117	9.0	8.2	9.0
17186607	205	9.0	8.0	7.9
75193309	156	9.0	8.9	9.2
24646782	147	9.0	9.1	9.0
19617162	232	9.0	8.8	9.0
18421600	123	9.0	9.0	8.6
3120751	56	9.0	9.0	8.8
13873435	269	9.0	8.4	8.5
67278613	1705	9.0	9.2	9.0
21336675	230	9.0	8.6	8.9
65930568	899	9.0	9.1	9.2
6138542	75	9.0	8.1	9.0
13665903	872	9.0	8.9	9.1
27027842	59	9.0	8.2	8.9
562821	209	9.0	8.0	8.0
23564961	79	9.0	8.7	8.9
67622595	266	9.0	9.0	9.1
32666697	201	9.0	8.9	8.8
69686317	151	9.0	9.0	9.1
23476094	70	9.0	8.5	9.0
67605144	75	9.0	8.0	9.0
69533399	104	9.0	8.7	9.0
90996872	181	9.0	9.1	9.1
57509425	849	9.0	9.0	9.1
22303135	135	9.0	8.5	8.9
583539	252	9.0	8.4	8.1
65504326	100	9.0	8.6	9.1
71005594	101	9.0	9.0	8.9
69868695	33	9.0	7.6	8.8
21649203	358	8.9	8.9	8.9
13861802	210	8.9	8.9	8.7
92026252	139	8.9	8.5	8.8
67955376	54	8.9	8.4	8.8
21906234	296	8.9	9.0	9.0
37765452	360	8.9	9.1	9.0
57290376	1137	8.9	9.4	9.3
21720996	113	8.9	9.1	9.0
5148607	355	8.9	9.2	9.1
8646993	135	8.9	8.6	8.7
69643710	78	8.9	8.7	8.6
58601668	114	8.9	8.6	8.8
93321072	100	8.9	8.8	9.1
80550255	150	8.9	8.9	8.7
18245413	246	8.9	9.0	8.8
24941003	149	8.9	8.5	8.7
19595075	170	8.9	8.4	8.8
58465119	293	8.9	9.2	9.2
75096430	193	8.9	8.7	8.9
5283090	395	8.9	8.6	8.3
69238788	206	8.9	8.2	8.4
11557516	86	8.9	8.0	8.5
90356311	158	8.9	8.5	7.7
69285849	116	8.9	9.1	9.1
90931106	124	8.9	8.2	8.9
79276468	89	8.9	8.9	9.0
76926384	302	8.9	9.2	9.0
5366042	230	8.9	8.4	8.4
65419662	329	8.9	8.7	9.1
66335929	114	8.9	9.0	8.9
80619103	168	8.9	9.1	9.2
67724527	267	8.9	8.5	8.3
67469686	171	8.9	8.4	8.2
91041577	119	8.9	9.1	8.7
4733611	136	8.9	8.3	8.4
69851142	211	8.9	8.8	9.1
5540915	430	8.9	8.9	8.5
77031668	301	8.9	9.1	8.8
8933417	807	8.9	8.9	9.0
8036051	153	8.9	7.3	6.8
66521235	2020	8.9	9.1	9.1
67557352	477	8.9	7.8	8.9
67562571	134	8.9	9.1	9.0
4655507	263	8.9	9.1	8.6
23749921	720	8.9	8.6	9.1
37944091	76	8.9	8.4	9.0
66240166	122	8.8	8.0	8.2
45829706	135	8.8	8.4	8.3
72358729	155	8.8	9.1	9.0
19315775	250	8.8	9.1	8.9
2224660	166	8.8	8.5	9.0
8065409	363	8.8	9.0	9.1
67916727	249	8.8	8.8	9.1
18714439	81	8.8	8.9	8.8
73576780	153	8.8	8.8	8.8
69333929	375	8.8	9.0	9.0
66656003	346	8.8	8.9	8.7
22396879	52	8.8	7.8	8.4
26231581	359	8.8	9.1	8.8
13768330	292	8.8	8.8	8.9
23111380	123	8.8	8.8	8.9
17857938	141	8.8	8.3	8.6
13828409	340	8.8	9.0	9.1
24610507	356	8.8	8.7	9.0
69428802	126	8.8	8.0	8.7
10655653	249	8.8	8.5	9.0
5466901	109	8.8	8.3	8.1
23495846	1644	8.8	9.2	9.2
69926863	128	8.8	9.0	9.1
69042636	80	8.8	9.1	9.1
90600594	83	8.8	9.0	9.1
63036726	92	8.8	8.9	8.9
77487233	66	8.8	8.3	8.9
73570762	156	8.8	8.9	9.1
23515249	113	8.8	8.6	8.7
70864650	93	8.8	8.8	8.9
6600317	107	8.8	8.2	8.4
5185389	490	8.8	9.1	9.0
9043548	203	8.8	7.5	8.2
90411579	169	8.8	9.0	8.8
67896662	141	8.8	8.9	8.9
20904711	110	8.8	8.8	9.1
66384258	995	8.8	9.0	9.0
28632693	109	8.8	8.8	9.0
91877512	123	8.8	9.1	9.1
18637706	128	8.8	9.0	8.8
66105440	57	8.8	9.0	8.7
69139982	162	8.8	8.1	8.2
27169678	255	8.8	9.1	8.6
6028527	1613	8.8	8.9	9.1
