22912244	378	9.2	9.2	9.2
66849507	421	9.2	9.1	9.2
92049234	95	9.2	8.8	9.1
43606310	185	9.2	8.0	8.0
91587671	233	9.2	9.2	9.1
17159209	362	9.2	9.0	9.2
73388133	144	9.2	9.2	9.2
91609142	92	9.2	9.1	9.2
23231330	192	9.2	9.0	9.0
79454042	78	9.2	9.3	9.3
2012911	630	9.2	8.4	8.5
69715472	178	9.2	8.5	9.0
13876883	381	9.1	8.9	9.1
66831905	377	9.1	8.8	9.1
17647597	143	9.1	8.4	9.0
6061638	378	9.1	8.8	9.1
23735418	670	9.1	9.1	9.3
22798132	148	9.1	9.1	9.1
65697224	104	9.1	9.1	9.1
80619017	94	9.1	9.2	9.3
23436398	349	9.1	9.0	9.2
18080179	91	9.1	8.9	9.1
20917712	159	9.1	8.3	8.8
91015778	139	9.1	9.0	9.1
82691009	110	9.1	9.0	9.1
19156944	103	9.1	9.0	9.1
27234469	112	9.1	8.6	9.1
72355789	208	9.1	9.0	9.2
76728530	239	9.1	9.1	9.1
24824049	108	9.1	9.0	9.1
77261900	77	9.1	9.1	9.2
14744053	150	9.1	9.1	9.1
69279102	57	9.1	8.4	9.1
22567564	82	9.1	9.1	9.0
6008470	247	9.1	8.8	9.0
92781224	97	9.1	9.1	9.1
68209468	250	9.1	9.3	9.3
20916613	607	9.1	8.6	9.1
67556261	289	9.1	9.3	9.2
14725077	180	9.1	7.7	8.2
90497805	65	9.1	9.1	9.1
81002529	96	9.1	8.9	9.1
19225874	101	9.1	8.6	9.0
26987477	70	9.1	8.6	9.2
90970265	195	9.1	8.7	8.9
93234469	81	9.1	9.1	9.1
68231210	78	9.1	8.5	9.0
92152427	76	9.1	7.5	9.1
69648904	117	9.0	9.1	9.1
67208473	89	9.0	9.2	9.1
66131382	163	9.0	8.9	9.0
70429659	150	9.0	9.0	9.1
26232197	109	9.0	9.0	8.8
68066252	175	9.0	8.8	8.9
5660730	199	9.0	8.6	8.1
67261212	79	9.0	8.8	8.9
22393028	167	9.0	8.6	8.8
2087128	249	9.0	8.4	8.2
8965278	250	9.0	9.1	8.8
21044246	142	9.0	8.2	8.9
17960248	87	9.0	8.5	9.1
68193713	228	9.0	9.0	9.0
18772777	218	9.0	8.5	8.6
19574813	252	9.0	8.9	8.8
2103487	197	9.0	7.7	7.8
27512596	100	9.0	8.8	9.2
19266076	89	9.0	8.8	9.0
69711586	164	9.0	8.8	8.9
17186607	205	9.0	8.0	7.9
65713743	101	9.0	9.1	9.1
24646782	147	9.0	9.1	9.0
18519011	95	9.0	8.8	9.1
21678383	121	9.0	9.0	8.3
69779010	107	9.0	8.4	9.0
58071451	96	9.0	8.9	9.1
13873435	269	9.0	8.4	8.5
43618952	91	9.0	8.1	8.5
21336675	230	9.0	8.6	8.9
91884193	129	9.0	8.5	8.6
57773506	35	9.0	7.3	8.2
562821	209	9.0	8.0	8.0
67622595	266	9.0	9.0	9.1
92956140	69	9.0	9.1	9.1
9518720	88	9.0	9.0	8.8
32666697	201	9.0	8.9	8.8
69686317	151	9.0	9.0	9.1
67231719	81	9.0	8.2	8.8
22303135	135	9.0	8.5	8.9
66767142	106	8.9	8.8	8.6
80612185	99	8.9	9.1	9.1
69904072	146	8.9	9.1	9.1
74599978	122	8.9	9.0	9.0
93321072	100	8.9	8.8	9.1
18245413	246	8.9	9.0	8.8
24941003	149	8.9	8.5	8.7
69238788	206	8.9	8.2	8.4
92927616	98	8.9	8.7	9.1
90356311	158	8.9	8.5	7.7
5366042	230	8.9	8.4	8.4
67083790	104	8.9	9.0	9.1
52117769	96	8.9	8.9	9.0
67724527	267	8.9	8.5	8.3
67469686	171	8.9	8.4	8.2
15102581	99	8.9	7.5	8.0
69851142	211	8.9	8.8	9.1
81268711	98	8.9	8.6	8.6
14657967	97	8.9	8.0	8.9
22675649	124	8.9	8.3	8.3
22423924	81	8.9	7.7	8.3
2122738	100	8.9	8.7	9.0
22652933	93	8.9	9.0	8.9
4655507	263	8.9	9.1	8.6
15859918	79	8.9	8.5	8.6
23984250	24	8.9	7.3	8.0
79362124	174	8.9	8.5	9.0
90423745	98	8.9	8.9	9.2
90477329	62	8.9	7.4	8.3
18029329	96	8.9	8.9	9.0
57307082	16	8.9	7.2	7.6
23749921	720	8.9	8.6	9.1
18136400	80	8.9	8.2	8.7
20904310	97	8.9	8.0	8.6
67749609	149	8.9	9.0	9.0
22231975	91	8.9	7.9	8.8
83473967	88	8.9	9.2	9.2
69547723	94	8.8	9.1	9.0
67916727	249	8.8	8.8	9.1
5256874	106	8.8	8.5	8.4
68069128	105	8.8	8.8	9.0
92122825	76	8.8	9.0	9.1
69428802	126	8.8	8.0	8.7
5466901	109	8.8	8.3	8.1
21146692	136	8.8	9.0	9.0
67622780	104	8.8	8.4	8.9
72447153	96	8.8	9.1	8.5
58922931	87	8.8	9.0	9.0
27034054	113	8.8	8.1	8.7
23515249	113	8.8	8.6	8.7
27392873	91	8.8	8.7	8.9
5185389	490	8.8	9.1	9.0
28592387	88	8.8	8.3	9.1
90411579	169	8.8	9.0	8.8
67924245	27	8.8	7.1	7.4
66821320	85	8.8	8.8	9.0
69139982	162	8.8	8.1	8.2
45301512	116	8.8	9.0	8.7
92265327	86	8.8	9.0	8.7
90044586	93	8.8	8.7	9.1
27267468	104	8.8	9.1	8.6
76991210	88	8.8	8.9	9.0
2247697	178	8.8	8.0	8.8
22689514	121	8.8	8.7	9.1
8620143	76	8.8	8.6	8.4
2768503	47	8.8	6.4	7.2
24819364	98	8.8	9.0	9.1
59120664	160	8.8	8.7	8.7
65924826	102	8.8	8.7	9.0
6298715	91	8.8	8.1	8.7
17948659	113	8.8	7.7	8.5
15857294	91	8.8	8.2	8.6
18282726	139	8.8	8.1	8.7
5537388	86	8.8	7.9	8.7
19208606	87	8.8	8.6	8.9
91623526	92	8.8	8.7	8.9
22405128	106	8.8	8.2	8.9
57282124	185	8.7	9.1	8.9
43616597	95	8.7	8.1	9.0
27238069	103	8.7	8.5	9.0
72340686	183	8.7	9.0	9.0
72356272	134	8.7	8.8	8.8
19663098	172	8.7	8.1	8.7
68174695	114	8.7	8.2	8.7
69291207	155	8.7	8.7	8.7
90023655	61	8.7	8.9	8.8
18899984	140	8.7	8.4	8.6
18074021	99	8.7	8.4	8.6
58652554	72	8.7	8.7	8.4
20721356	160	8.7	8.2	8.3
21647237	81	8.7	8.1	8.9
21171716	147	8.7	8.4	8.4
70448843	334	8.7	9.1	8.9
6851102	208	8.7	8.6	8.3
19634573	329	8.7	9.0	8.8
26955721	145	8.7	8.6	8.7
4099628	412	8.7	9.1	8.7
67361619	88	8.7	8.8	8.5
76899355	103	8.7	8.5	8.7
59167934	116	8.7	7.7	8.3
79257052	314	8.7	8.5	8.1
20900449	95	8.7	8.7	8.6
4123082	249	8.7	8.5	8.5
58825603	172	8.7	8.6	8.8
24288353	83	8.7	8.7	8.9
92440045	125	8.7	8.7	8.8
90108145	264	8.7	8.8	8.0
90018113	115	8.7	8.2	7.7
4190857	138	8.7	7.5	8.1
32841388	42	8.7	7.5	8.4
16721357	70	8.7	8.7	8.5
18771334	87	8.7	8.0	8.5
32517135	235	8.7	7.9	7.9
79233760	88	8.7	8.8	8.8
92074429	76	8.7	9.0	9.1
90967269	91	8.7	9.0	8.6
67737592	119	8.7	8.4	8.7
13896035	93	8.7	7.2	8.2
32849835	96	8.7	8.8	9.0
4742307	110	8.7	8.7	8.9
13856381	86	8.7	7.8	8.8
83364556	30	8.6	8.0	8.2
58965149	118	8.6	8.2	9.0
3496786	140	8.6	8.4	8.3
69035954	82	8.6	9.1	8.9
27255437	108	8.6	8.5	8.7
66418345	168	8.6	8.9	9.1
68170963	229	8.6	8.4	8.2
73573041	259	8.6	9.1	8.1
76961537	138	8.6	8.5	8.7
3071557	192	8.6	8.1	8.5
32499199	126	8.6	8.7	8.2
75713015	164	8.6	9.0	8.9
23007636	299	8.6	8.3	8.5
67823578	121	8.6	8.6	8.6
69456725	100	8.6	8.9	8.2
19437333	160	8.6	8.5	8.6
21278283	134	8.6	8.0	8.9
10665396	53	8.6	7.9	8.7
27263281	80	8.6	8.5	8.5
66458486	41	8.6	8.6	9.0
24077263	72	8.6	8.3	8.7
8672708	102	8.6	8.8	8.5
92419895	122	8.6	8.6	8.6
5366714	86	8.6	8.6	8.2
5557734	197	8.6	8.0	8.1
83541243	58	8.6	8.7	8.6
92252304	109	8.6	8.7	8.8
48547757	138	8.6	8.3	8.4
2040634	153	8.6	8.1	8.4
14709401	120	8.6	8.6	8.7
25165420	89	8.6	8.5	9.0
66382687	83	8.6	8.9	9.0
67788628	77	8.6	8.5	8.7
501788	678	8.6	8.6	8.5
6856444	72	8.6	8.6	8.4
23089295	56	8.6	8.5	8.4
76720327	136	8.5	8.0	8.5
69210476	128	8.5	8.9	8.6
45829444	127	8.5	8.8	8.7
4078315	338	8.5	8.7	8.0
27163125	99	8.5	8.7	8.5
