2717353	81516	7443	2023	357	1740
73566921	9599	5694	1450	218	1351
10021108	74505	3734	975	195	1035
21035069	523862	74421	17173	2446	16822
76680217	50772	39438	10161	1424	9018
5591028	73513	23920	7604	1293	5319
32338381	141114	24795	5507	821	5589
18991088	217380	20801	4358	727	4409
6429674	605116	20636	4903	729	4995
8629576	201477	18775	4079	580	4440
4023775	396489	14321	3310	493	3208
4663146	328418	14880	3550	459	3471
22914250	135559	8394	2217	411	1868
14734803	49803	10384	2427	333	2415
2369023	40915	6499	1843	358	1646
91036101	None	None	None	None	None
91050993	None	None	None	None	None
4169377	203973	7143	1916	405	1664
21593760	35256	4225	1061	182	999
4184029	29865	2019	881	180	364
58344091	36035	4915	1112	258	1105
3509464	53911	1930	517	94	465
17182037	642177	34992	10282	1539	9048
67288814	80845	51535	11980	1541	12225
19291562	597950	34541	8680	1237	8364
79260234	47059	30777	6440	865	6416
76836809	38591	26582	6019	773	5778
73582232	30300	18747	4737	720	4562
500102	1724272	20259	4903	706	5203
26233390	180242	21935	4908	629	5734
3527989	957373	20954	5133	751	4671
18691561	226377	15977	4271	689	3120
3341992	555369	17712	4205	787	3991
66755991	47971	17981	4417	643	3807
5533680	386746	14299	3559	741	3098
21129800	345816	14300	3717	521	3193
22171611	260147	14557	3601	401	3740
66332749	53758	10961	2733	438	2529
92517451	None	None	None	None	None
69311960	24778	14744	3639	491	3603
76085110	6954	6508	2174	251	2204
77593798	13929	9218	2337	308	1980
92747027	None	None	None	None	None
13831770	659899	9372	2380	358	2242
13797096	159344	7562	1756	359	1465
3585112	145535	5975	1490	228	1488
20930088	139154	6737	1728	253	1650
14191970	81560	5367	1553	251	1315
65998263	29293	8458	1643	315	1993
65325613	16680	6259	1496	168	1400
67499671	19049	6046	1139	190	1185
69745762	7476	5021	1173	216	1166
4533660	116398	4324	1045	165	1072
32473230	206529	4662	1068	138	977
2071369	339608	5403	1313	185	1192
76969986	4119	2967	875	135	709
24899664	36895	3958	1027	160	928
67006394	54075	4119	996	159	1016
69019652	7209	3470	800	133	767
17979414	37595	2301	581	95	517
16213223	68319	1521	385	117	308
22726100	6644	1119	291	56	265
15090062	9302	490	135	37	101
5699552	104566	1795	138	27	87
76848011	88186	69636	15336	2135	15073
66251542	64805	34745	8082	1296	8566
76839581	55757	33812	7747	1009	7587
69521429	52658	30925	6744	988	8654
4678407	914867	29330	6848	972	6730
75626997	28267	20854	5370	678	5101
63177252	307252	21113	5085	702	4973
5995973	348102	20350	4912	727	4960
91025100	None	None	None	None	None
13784206	440787	15080	3614	509	3478
13782490	734756	15354	3708	513	3611
76940920	13363	10906	2985	337	2893
17785842	340086	11371	2877	467	2527
22590058	148607	9708	2389	388	2203
6132529	506291	10888	2627	426	2356
75095687	12889	8994	2486	323	1978
21158338	146980	7468	1920	384	1768
23100214	313554	8985	2239	337	2311
73398116	13291	7885	1923	276	1757
3454873	104473	5524	1385	206	1347
13873901	108874	4990	1258	161	1171
6063634	18059	4092	1044	140	937
5736734	73456	5078	1019	184	1084
66225096	22374	3753	916	135	848
66545994	25964	4049	938	166	901
22584393	79235	3515	823	138	824
22521492	39232	5260	978	302	858
26206532	102713	2998	693	95	789
18176958	41501	1940	538	93	488
5486714	27776	1715	410	61	389
2023588	32803	373	62	16	80
67086009	28411	4386	1028	92	982
45829388	246473	41574	10844	1629	9230
21294388	336562	33400	8222	972	8296
77563221	54548	34385	7105	1135	8076
77009703	36137	23549	5739	777	5056
3531196	1159054	23899	6196	886	5668
5867826	2534589	22311	6782	1592	4653
68978238	33751	20015	5762	743	4600
8008401	744118	23635	5786	743	5798
65790862	66033	18191	4638	861	4234
21678721	268076	22800	5333	623	5314
6427885	708484	22903	5558	878	5694
69116083	29452	15971	3619	576	3881
22038150	182608	12644	2882	396	2798
92053609	None	None	None	None	None
8876721	281349	9300	2543	287	2185
27478785	44295	7605	1792	321	1843
69624138	12307	7111	1551	236	1659
19595142	90251	7243	1716	265	1691
76945653	12378	7817	1795	217	1848
58193451	16502	6036	1736	243	1534
5580354	351535	7485	1858	237	2005
13775414	126020	4794	1258	228	1077
2367274	466424	6255	1525	201	1542
66303591	78312	7577	1358	198	2239
3464923	153188	4306	1190	204	1185
3029089	21268	3060	1122	153	586
2575588	74639	6135	1469	157	1587
59139608	56935	5020	1325	154	1057
6182586	198634	5100	1179	160	1163
2781505	142398	4095	1011	186	992
66246935	17675	3850	1000	185	841
23541559	26897	3618	972	163	838
65631392	31077	3452	857	146	785
57993063	23701	4101	869	164	848
73396723	3804	2609	691	97	575
3260524	57559	2942	751	103	713
83390234	2003	1524	691	57	287
3428293	53391	1196	388	68	254
77004673	108604	71040	17047	2138	16060
22179722	369059	33173	7951	1210	7896
53015086	254403	37788	8877	1271	7140
74609371	37838	26374	6511	680	6098
3703684	604223	27588	6752	963	6881
12286682	925504	22978	5352	856	5383
5657797	195664	16401	3926	671	3147
43624451	66203	11943	3113	549	2783
69729962	19470	12087	3045	425	3003
28284208	160381	9783	2037	374	2351
5366233	198722	17785	3787	710	1943
69729883	17230	10079	2427	289	2514
1920481	425167	9438	2172	320	2175
72461866	14114	10047	2085	338	2036
69231724	14722	8426	2106	286	1993
16983892	222899	9252	2185	316	2067
24741119	83993	7650	2065	321	1714
2295985	42901	5992	1688	204	1846
5404756	189905	6025	1686	209	1272
3455404	14328	4520	1164	217	1030
92545813	None	None	None	None	None
21752365	43894	5438	1285	162	1305
66632471	11947	4370	844	108	1047
92189409	None	None	None	None	None
22205752	41422	2795	703	124	595
4066366	578258	2753	623	108	648
505318	98543	2808	759	115	690
3368728	63622	1595	623	125	339
90994941	None	None	None	None	None
46315225	25869	2826	603	94	635
18766328	53963	2661	697	114	690
9953130	40380	1785	450	70	456
2704948	38335	2037	570	160	455
23754821	10840	2110	512	94	556
58441500	17618	1362	324	58	298
8677628	9523	835	183	35	200
69039810	3149	673	149	23	141
66578787	6202	371	55	6	94
63058818	227781	97089	22000	3641	21702
18602068	1775915	84079	19591	3082	18989
76735408	108437	73880	18085	2376	17623
9977754	2841914	73697	17319	2622	16876
27333622	485406	34934	8411	1397	7952
4118325	350740	32072	7705	1269	8005
56582942	179136	20009	5943	1021	4260
91974431	None	None	None	None	None
8959174	713619	28289	6637	870	7125
19804519	375198	26443	6305	893	5817
56583024	55444	17964	4519	730	4261
27339105	220437	16429	3960	687	3931
21591404	1730357	77524	19372	2831	18868
22873258	158258	15445	4095	688	3719
5317141	772662	16000	3938	642	3652
4064431	424567	10925	2926	496	2636
4100611	479513	10965	2617	409	2369
43383106	65120	8501	2332	408	2097
18504562	31276	5649	1856	318	1271
23484815	43368	11230	2415	409	2596
21746947	268162	7303	1710	327	1759
17637124	904212	34236	8773	1249	8545
69681722	16601	9039	2102	303	2167
76992457	16216	11611	2257	276	4978
500782	388544	8284	1841	287	2003
16967298	241749	7242	1643	232	1762
75178659	4204	3303	1197	135	641
19415701	104031	6300	1556	295	1508
5863562	280217	4813	1212	172	1189
69039850	9808	4900	1252	150	1131
67085959	17669	3464	945	185	931
1887970	66801	4808	1049	159	1085
21271500	65984	4165	908	118	1048
92075949	None	None	None	None	None
74079544	3416	2588	730	76	593
23404317	69835	3627	882	123	778
66118238	11708	3372	897	134	828
5385374	31122	4445	1374	106	1278
21791768	83802	3862	931	113	955
48657368	24653	3252	773	160	806
83492584	2212	1563	547	60	378
3560287	55315	3239	743	109	718
32417652	5778	2029	641	131	478
4169299	89434	2105	582	134	485
4129470	50164	1334	611	107	237
19145798	38454	2136	532	94	509
5263282	7217	1969	485	71	427
4099746	47850	2345	536	83	572
47308890	8972	1456	395	71	319
5631242	41942	1435	353	58	373
5260902	15346	769	198	48	160
66403447	124537	37712	9186	1415	9023
4039048	551418	31635	8011	1093	7514
90964591	None	None	None	None	None
92414747	None	None	None	None	None
90944162	None	None	None	None	None
24931585	295101	16538	4549	765	4477
38155177	209931	19171	4796	758	4599
5537819	997602	20275	4722	619	4958
5115653	1031688	16069	4115	620	3613
50254056	83454	12217	3438	434	3369
27492744	125101	9473	2067	400	2310
69416216	17551	11021	2524	468	2554
5232771	600323	11736	2959	366	2725
502910	357407	10645	2671	394	2662
4277498	482056	11848	2841	401	2947
32707125	39630	9762	2314	354	2145
65726898	44817	9236	2392	436	2004
8909664	323416	8680	2010	317	1860
3255358	522720	9566	2340	314	2256
21955368	47514	5912	1841	313	1600
22804991	91880	8825	1992	267	2011
5740715	366618	7262	1870	304	1745
8087716	638147	8255	1865	254	2067
21351979	137931	5209	1446	174	1296
79210350	9088	6412	1691	207	1580
27689829	40068	5732	1455	212	1316
6586451	250172	6204	1485	276	1482
