92437543	None	None	None	None	None
92520134	None	None	None	None	None
13788223	26270	2249	582	176	297
21035069	523862	74421	17173	2446	16822
6429674	605116	20636	4903	729	4995
8629576	201477	18775	4079	580	4440
57052125	148579	12575	3016	415	2932
91627825	None	None	None	None	None
79585103	13049	6800	2001	208	1660
65931512	79443	3855	1258	692	773
67736500	16984	4091	1242	207	1260
23090317	421663	80697	18925	3177	18732
13820289	887189	34223	8237	1209	8184
52348336	92963	20137	4916	1144	4658
92412442	None	None	None	None	None
65327127	140019	21463	5051	820	4584
65999943	47346	18931	4454	585	4734
5175874	239799	23088	4422	461	5845
6328747	669201	16065	3573	544	3867
16798938	160657	11223	4931	1129	1965
21129800	345816	14300	3717	521	3193
24940942	86031	15868	3458	467	3666
48089742	82880	12313	2906	389	3016
92163161	None	None	None	None	None
69513964	15723	9068	2143	328	2144
11572292	121189	8153	2224	354	1904
59162913	44039	5898	1328	243	1325
14191970	81560	5367	1553	251	1315
24631385	83378	5370	1550	256	1210
18396978	479690	4182	1015	149	1034
22822344	91237	5601	1045	183	1216
73619998	5977	3914	1060	136	920
69669996	6244	2705	641	157	525
22440453	105465	1775	500	87	369
91045823	None	None	None	None	None
83537855	1819	1334	438	44	317
6145588	2034798	74064	16965	2427	17583
76836701	71691	50347	13059	1566	11981
67798316	66522	40410	10728	1353	8658
91623164	None	None	None	None	None
4678407	914867	29330	6848	972	6730
59139977	68348	25058	5764	825	5947
67103305	55794	11144	2708	445	3021
66870444	42029	13256	3129	394	3178
4201563	642356	9830	2351	375	2478
17785842	340086	11371	2877	467	2527
80839983	14397	10358	4987	412	1721
6132529	506291	10888	2627	426	2356
506665	294641	5780	1320	189	1423
91847705	None	None	None	None	None
8914295	733750	45061	10554	1420	10818
57302960	85731	16714	4691	824	4070
74560162	23145	14905	4109	1384	3364
11559655	132468	21176	5508	848	5066
76947393	23317	16345	4443	573	3970
6427885	708484	22903	5558	878	5694
17179979	643122	24637	5771	499	5945
77457970	30573	16963	4467	634	4086
32598676	95066	12686	2928	536	2934
65791882	43988	8101	2547	438	2145
67661750	25405	9862	2737	344	2401
4021330	451727	9571	2275	344	2202
69128849	18299	6166	1530	318	1442
6107046	373423	7131	1570	256	1832
22397956	321445	4890	1142	148	1159
8691320	233449	5399	1292	173	1373
6182586	198634	5100	1179	160	1163
90436897	None	None	None	None	None
22509340	34640	2495	645	94	611
81262439	2686	1893	585	84	370
6042862	42635	2438	511	84	575
67796738	82019	47061	11754	1721	11972
9462534	683056	23051	5987	964	5644
22824497	329154	27660	6702	872	6686
67134254	60327	21960	5613	868	4650
75125409	23720	16107	3976	469	4022
4074034	387435	14866	3717	585	3898
21805121	154648	14291	3210	560	3189
90315966	None	None	None	None	None
62918346	50753	7069	1970	354	1576
66860291	25094	9594	2454	350	2261
65756223	54554	8928	2106	384	2199
57446197	51827	6563	1738	261	1607
75712979	13695	9433	1965	236	2183
18763383	91288	5335	1316	229	1334
10012360	253908	8271	1942	215	1907
3881935	201325	5117	1169	152	1350
51686822	8053	3628	855	97	881
46315225	25869	2826	603	94	635
68974967	3116	2121	607	91	554
501043	163600	2536	610	95	540
5565632	57937	1347	288	39	336
45831338	503922	67197	16786	2642	16954
21351023	764436	34592	8755	1369	8485
18260088	599698	27250	6668	1212	6539
23336336	366449	25166	6223	911	6098
19362263	129782	19333	4603	724	4717
18516914	345348	16678	4091	712	3833
91960077	None	None	None	None	None
63265104	54184	11179	3187	553	2527
5317141	772662	16000	3938	642	3652
43759274	98753	15777	3469	595	3543
3558658	897007	14087	3325	546	3578
76873877	13011	8565	2229	347	1753
5715190	169379	9560	2248	338	2291
6295717	77375	8677	2066	291	2083
67431364	26018	6814	1513	245	1686
19402792	133915	7475	1639	222	1541
4296516	96617	5058	1075	164	1256
32530048	50241	4665	1100	165	1185
32736166	53334	4152	950	183	1008
17211852	58900	3266	776	131	802
5359248	172129	3938	891	126	944
5278674	67664	1977	437	46	396
8048444	1253333	123665	41791	7453	35898
14180269	4640373	61411	14473	2080	14165
8910946	2468034	54641	13151	2019	12721
6378140	2042159	50703	11280	1735	14957
41692632	269582	27278	6966	1183	6629
67972167	39652	24793	6601	1025	6510
8359005	946264	28074	6470	1130	7595
17185827	290165	28598	6732	981	7369
90924627	None	None	None	None	None
57015380	47782	12019	2949	432	2906
79050372	18863	18174	3290	452	5203
22065855	174119	13347	3291	401	3083
2892061	1323117	13733	3255	541	3344
83135394	14422	9035	2491	305	2188
67199568	18949	10577	2763	448	2289
69488114	17001	9672	2358	282	2351
18029874	190765	9950	2324	208	2457
5740715	366618	7262	1870	304	1745
27200264	85092	6794	1615	309	1546
20710393	141677	5794	1519	201	1436
29517682	74515	3523	1393	213	574
32666571	49268	4621	1060	159	1063
58214544	31592	3208	927	185	758
20731491	92260	3565	790	157	902
8012078	211593	3531	876	152	802
67035393	15641	3620	844	146	967
6833795	86253	3041	726	93	694
92984940	None	None	None	None	None
81759046	3299	1892	226	29	561
6453837	58640	1390	331	68	314
90471001	None	None	None	None	None
17936941	65666	783	163	28	187
