16795494	374131	26776	6572	1042	6297
90580632	None	None	None	None	None
67552299	19194	9023	2180	328	2075
93049221	None	None	None	None	None
69735195	6675	4111	1037	236	861
11567693	669941	18162	4315	623	4340
9988704	297739	14627	3475	588	3285
17636457	329659	15274	3559	561	3528
22437055	148980	11023	2083	370	2572
38156000	36416	7907	1621	250	1593
66545346	65315	5803	1507	269	1206
59264203	50828	5658	1360	183	1418
56591453	31878	3838	958	193	814
83525336	3551	2348	724	102	517
2483431	49657	3101	724	116	700
66340922	15296	2304	582	115	565
68009025	24882	14634	3568	590	3390
72451347	17975	12574	3411	372	3173
66533377	109042	22886	5754	889	5404
20780013	276580	13724	3314	613	3030
15994985	33790	939	234	55	207
8967031	304886	971	194	35	221
20768086	129051	4920	1299	186	1343
5252297	196299	4577	1062	183	1119
17874542	202311	4950	1139	178	1139
77527069	8253	6016	1795	253	1409
5529108	211018	3962	1419	260	797
5339502	125156	3299	879	156	758
58391635	6274	1083	261	46	266
17620720	73484	430	113	13	77
4712756	1077179	18319	4244	637	4373
13795581	417470	16362	3803	550	3956
6031884	527758	12415	2761	409	2797
67190039	8219	1665	379	64	428
