32461389	358286	50237	13197	1922	13366
70444901	62838	28479	2931	385	3294
18245413	184385	11186	2668	450	2904
45426598	114766	7251	1547	272	1728
6603735	898175	54195	15690	2251	16294
77331021	112493	85316	18294	2108	19585
69547723	68494	44354	8564	1543	9649
2087029	279192	35247	8275	1303	8304
17958978	701529	24881	5328	713	6043
22788368	1563297	25368	4811	598	5630
92364524	None	None	None	None	None
58586963	44295	8341	1886	338	1982
92023244	None	None	None	None	None
3881935	201325	5117	1169	152	1350
19340358	55724	3293	730	107	771
503292	1063021	29291	9303	1191	6647
80929098	12783	9101	2252	251	2290
21560193	313399	10009	2101	322	2339
24811780	731264	30551	6464	1028	7083
21334012	235323	13464	3084	475	3570
6031884	527758	12415	2761	409	2797
9315902	181972	3462	823	138	830
18384165	45808	3183	817	115	840
23067515	52871	3023	671	115	714
