22912244	564769	77201	18246	2567	19790
5514678	2982634	55376	15694	2486	13795
67755436	168431	36946	10132	1731	9510
80535109	56441	46542	14337	1312	14038
66849507	175741	46094	9296	1360	10331
2244616	2612669	32699	7799	1103	8550
76664560	44860	28263	7201	813	6943
76854243	23931	19032	5178	656	5120
92049234	None	None	None	None	None
43606310	103304	16174	4203	569	4319
66879626	76606	15323	3723	618	3931
19819159	230851	15171	3948	656	3844
91587671	None	None	None	None	None
20946806	36961	6678	3072	627	1227
22660738	227769	13982	3320	434	3562
18604155	84316	13339	2841	467	3268
24616688	143190	11161	2445	305	2731
2012911	256140	6232	1434	177	1500
73423036	8474	5826	1425	214	1532
26975974	20520	3721	788	147	863
18615887	2589854	114035	27400	3838	27382
69677262	112788	72369	17011	2529	18594
13876883	2501694	70792	16239	2106	17516
66831905	158416	54342	12864	1780	13735
17647597	757466	53563	12105	1846	12734
69231115	97564	50135	12197	1628	12221
6061638	2646991	51724	12344	1511	12890
17190498	1023610	48402	11757	1577	12279
57503397	345438	64463	11906	2038	12357
23735418	349292	48507	11680	1607	11694
22798132	466627	46535	11309	1683	10814
44389259	669121	39659	9459	1570	9560
70142460	62809	40038	9218	1427	9852
79602471	55149	37819	8359	1047	8563
24942816	883332	36394	8590	1249	8765
77275298	54191	34827	8644	1136	8447
23436398	385893	35660	7516	1041	7949
6140602	894377	30664	6698	844	7983
13881219	2018030	28682	6333	943	7638
20917712	291044	20318	5409	684	5583
56526011	148266	27672	6105	864	6910
21213568	332521	18410	5158	1099	4561
4172657	773168	21019	4991	631	5770
82877344	36325	21503	5069	595	4673
91015778	None	None	None	None	None
8006068	253767	20549	4888	694	4925
70146149	29453	17818	3928	776	4451
6008006	145858	18949	4443	662	4969
73418365	31759	20402	4667	651	5130
67188038	41483	15021	3847	605	5010
82691009	17620	12671	3641	416	2960
69074927	41156	13915	3239	682	3305
69512475	16848	11095	3125	452	3138
19351344	430111	16751	3835	469	4171
72355789	27480	14239	3071	474	3267
59273375	57095	11484	2827	457	2439
21942705	145254	16707	3132	498	3624
5422403	423336	13292	3045	395	3440
23100587	60126	7122	3166	349	1265
76728530	16013	11508	3034	314	4413
90369868	None	None	None	None	None
3075064	522543	8862	2063	259	2158
14744053	304833	8000	1949	339	1904
21121330	267235	10601	2080	254	2580
2644510	365921	7589	1940	302	2012
59270634	95238	7292	1822	269	1860
4111271	401762	8169	1964	312	1916
6008470	150204	8460	1612	261	1797
68246520	6533	3322	1449	249	1107
68209468	11825	6153	1499	220	1583
69954336	7881	5600	1378	284	1356
6165656	129885	7212	1643	234	1816
68209993	14976	7002	1705	250	1722
5973691	240554	6472	1454	227	1594
20916613	224734	6094	1397	220	1537
3294169	124443	7320	1262	137	1313
21302068	56300	3541	842	177	847
21401559	34939	4582	1019	148	1199
66968211	13796	2932	678	135	710
4732918	152221	3215	724	125	803
73588783	6949	4448	887	125	1062
8021121	118667	3137	728	115	828
90970265	None	None	None	None	None
8896168	48125	2585	587	81	645
41372425	20722	1246	240	36	245
19096741	158777	2025	429	58	501
23218522	837376	92205	19478	2947	21994
69648904	58079	40366	10438	1613	9770
66396291	104392	38240	9118	1288	10291
69877606	33744	25684	7889	1002	7548
5878554	888648	33736	8424	1173	8433
23481472	274243	31342	7166	1203	7757
58132926	245992	47805	7687	978	10164
63061961	98324	26404	6792	862	7029
18543137	276984	29050	6525	1014	7633
23978880	215760	27763	7314	814	8953
67607751	46605	24326	7129	1038	5541
69702517	32914	24206	5450	974	5772
57503551	341991	25547	6358	981	6306
66131382	119015	18805	4527	792	4623
70429659	34904	21465	5300	849	5325
66685477	47347	16822	3844	547	4518
76848692	21204	15931	3974	464	3933
16981169	423158	18180	4209	507	4564
67095694	27430	15372	3569	565	3878
68066252	38076	17971	3912	618	4471
22072153	202433	14816	3479	614	3609
5660730	442196	18272	3875	541	4170
20889050	563824	14538	4005	639	3551
22393028	166388	15207	3538	488	3580
4672473	1610087	15379	3419	474	4018
2087128	723260	16283	3704	479	4130
21751693	239594	16043	3860	541	3838
8965278	902880	15835	3662	377	4265
23595087	273048	13718	3491	376	3652
68193713	25773	14676	2990	437	3265
69551919	17108	12228	2421	424	3046
17708177	889481	11746	2688	326	3151
76987797	17200	11473	2608	303	2603
5245120	257810	11685	2603	335	2896
21065367	195624	9373	2329	421	2358
91654668	None	None	None	None	None
18772777	121990	10728	2537	389	2475
67400028	82463	10919	2291	313	2696
19574813	177235	10683	2450	333	2716
4101041	3417225	8607	1954	294	2167
5627771	206671	12685	2683	274	3371
58020467	67753	10549	2386	309	2702
76828652	16157	9858	2172	278	2239
5322099	247454	8365	2102	368	2164
2103487	220792	9184	2196	321	2166
19409686	72690	6496	1900	309	1689
17186607	172850	7573	2004	299	1923
75193309	12125	7481	1926	226	1772
24646782	111932	6194	1559	296	1371
19617162	138087	8712	1791	211	2183
18421600	203771	5325	1274	220	1228
3120751	107983	5376	1229	255	1245
13873435	94845	5262	1252	187	1288
67278613	14183	5954	1347	191	1478
21336675	73022	4841	1207	197	1158
65930568	29288	5106	1296	176	1184
6138542	178034	5237	1151	161	1176
13665903	166854	4933	1163	137	1350
27027842	24170	3968	946	128	989
562821	149747	4712	1083	179	1096
23564961	44961	3836	893	154	897
67622595	18754	3593	853	124	687
32666697	31333	3765	800	114	1008
69686317	10224	5231	889	120	1229
23476094	33344	2924	634	123	816
67605144	7052	2822	631	109	712
69533399	4374	2844	698	124	673
90996872	None	None	None	None	None
57509425	6491	3425	734	101	840
22303135	39889	2044	584	75	610
583539	404289	2754	614	91	730
65504326	25551	2421	518	104	618
71005594	2769	1935	430	72	484
69868695	2542	1350	327	57	349
21649203	1130514	61523	15112	1975	15612
13861802	827448	46523	9879	1222	11334
92026252	None	None	None	None	None
67955376	33061	22114	5485	1028	5468
21906234	194049	19148	6177	1057	4569
37765452	258783	23088	5714	855	5776
57290376	144005	26569	5976	812	6410
21720996	240173	14285	5575	1854	2824
5148607	969040	22854	4996	609	5660
8646993	237258	16716	3951	721	4129
69643710	19529	14482	3141	560	3529
58601668	95744	15297	3293	474	3483
93321072	None	None	None	None	None
80550255	16220	11183	2896	333	2855
18245413	184385	11186	2668	450	2904
24941003	88830	11002	2549	392	2677
19595075	149633	11982	2789	448	2845
58465119	34526	10969	2655	402	2815
75096430	6372	5982	2412	329	1171
5283090	666028	11278	2658	373	2974
69238788	24727	11834	2574	393	2796
11557516	546198	10871	2553	332	2841
90356311	None	None	None	None	None
69285849	13100	8545	2015	405	2140
90931106	None	None	None	None	None
79276468	11785	7272	2482	309	1954
76926384	13099	8965	2309	283	2191
5366042	507959	7726	1968	244	2040
65419662	53729	9883	2322	336	2369
66335929	25234	7988	1963	190	1935
80619103	8428	6544	2149	234	1799
67724527	15452	8539	1709	205	2229
67469686	29952	6923	1456	301	1510
91041577	None	None	None	None	None
4733611	171312	7093	1424	209	2194
69851142	13116	7497	1382	166	1928
5540915	233687	6495	1457	218	1595
77031668	7670	5868	1126	149	1663
8933417	226423	4744	1159	193	1075
8036051	30621	5099	1073	181	1360
66521235	27043	4444	1109	174	1064
67557352	119146	3781	698	94	802
67562571	6144	3475	730	99	910
4655507	244006	3462	775	91	823
23749921	48473	2652	457	65	540
37944091	28533	1266	304	52	337
66240166	211328	55484	13635	2085	13275
45829706	180112	43708	9568	1459	10853
72358729	70241	41212	8508	1245	9518
19315775	271962	31232	8513	976	8766
2224660	356629	23396	6175	909	6349
8065409	1428124	22956	5904	924	5379
67916727	41216	24299	5655	754	5850
18714439	188000	19581	4613	789	4578
73576780	28302	19222	4875	753	4837
69333929	38109	19166	4618	675	4754
66656003	72922	18873	4167	693	4457
22396879	108081	15017	3944	666	3857
26231581	270664	14004	3947	547	3927
13768330	534085	17146	4013	504	4377
23111380	61971	12214	2885	597	2926
17857938	252129	14197	3615	505	3452
13828409	540076	15723	3610	594	2785
24610507	227983	10994	2994	405	1783
69428802	20707	11341	2459	373	2584
10655653	299101	12144	3367	516	2878
5466901	140378	12282	2786	479	2782
23495846	82536	11894	2821	309	2897
69926863	15863	9898	2189	398	2268
69042636	18492	9229	2160	421	2026
90600594	None	None	None	None	None
63036726	37816	7099	1621	307	1854
77487233	11148	7648	1806	201	1618
73570762	10969	6780	1661	233	1605
23515249	72680	8971	1842	317	2085
70864650	10439	7222	1621	250	1930
6600317	521234	7482	1684	275	1872
5185389	362102	7929	1884	292	1867
9043548	1528109	5220	1345	212	1056
90411579	None	None	None	None	None
67896662	12264	5633	1510	203	1533
20904711	206170	6348	1392	216	1432
66384258	16075	5732	1490	236	1425
28632693	61324	6290	1327	195	1530
91877512	None	None	None	None	None
18637706	16014	4665	1175	203	1208
66105440	10075	4210	974	217	1006
69139982	11303	5446	1080	141	1280
27169678	33064	4947	1105	189	1109
6028527	252661	5870	1140	192	1454
