38216164	41835	10860	1234	185	1428
66406093	53241	28091	7233	1137	6908
69889987	13606	7926	1856	359	1753
27070617	38431	3375	862	149	808
22689675	177830	21137	7980	1880	4776
65697224	133067	31341	7616	1017	8985
18080179	475627	24733	5621	971	5930
19156944	476427	14230	3177	511	3329
24824049	193799	10094	2471	458	2354
77261900	12048	8140	2287	241	1815
34521963	211613	8936	1804	288	2057
38076115	38260	6759	1666	289	1699
24607612	7087	5576	1781	398	1361
69279102	8710	5900	1524	257	1392
68236817	8344	3484	852	147	815
17617985	12848	3841	857	136	880
75064085	1524	1001	232	31	267
68942918	64306	40996	13032	1876	10105
8865553	895371	19830	7247	2274	3762
2860426	1391744	22857	4938	768	5961
23972720	245193	17406	4844	785	4038
56541198	161756	21042	4371	735	4828
24739577	203649	19749	4642	728	4643
26232197	124671	17417	3821	538	4062
22393028	166388	15207	3538	488	3580
17960248	703310	9927	2797	468	1812
68226640	27544	12328	2616	482	2890
23473284	163907	11040	2471	524	1739
22349137	171370	10932	2603	425	2498
27512596	75757	7738	1964	349	1750
19266076	247497	9163	2028	287	2571
92260103	None	None	None	None	None
18180837	494965	8407	1962	372	1960
65713743	54966	5123	1508	281	1115
18519011	155442	5861	1405	286	1418
21678383	249584	7130	1673	236	1585
19592795	69136	4733	1130	209	1074
19794197	75657	4651	1015	193	964
56157827	66142	2463	590	124	602
9901662	109575	2757	603	99	656
21647406	93426	1777	492	85	419
67572000	110018	45631	11392	1739	10185
5319197	1201763	30019	7248	1003	7464
66767142	91638	24937	5871	750	6206
21720996	240173	14285	5575	1854	2824
69480991	28600	18324	4189	661	5123
67083790	16217	7258	1668	313	1666
52117769	65160	5795	1561	285	1453
45426598	114766	7251	1547	272	1728
21649460	273979	9095	1641	272	1956
37790563	65158	6576	1543	282	1496
2122738	141616	3398	882	162	802
22652933	72856	3336	854	154	818
14910048	63964	4255	872	155	949
66964603	14153	2707	672	137	657
19091593	83475	2420	602	126	616
19011429	141280	2864	683	111	687
15859918	58859	2547	566	94	622
19478114	75166	1936	502	99	455
18029329	53974	1730	418	78	448
57448458	53431	1974	427	69	508
18136400	66270	1196	313	69	287
66188924	23264	1707	317	45	351
22231975	35164	550	105	19	137
33680160	373311	42480	10710	1705	10656
4127418	736197	20846	9461	3258	3740
5256874	429505	16576	3636	526	4075
13928024	990582	10770	2790	464	2121
68069128	20178	13934	2887	428	2931
13854213	56118	9630	2077	328	2040
69808553	12084	7401	1886	298	1800
27392873	81292	7018	1594	281	1701
28592387	59710	4439	1373	196	1217
38316972	284503	5520	1259	247	1230
23136132	81148	5182	1340	219	1240
68929889	18600	5587	1295	208	1305
66821320	17083	5033	1160	172	1314
68073707	8261	3309	661	75	822
6298715	206172	2294	612	89	544
5144160	78151	2037	535	81	483
5140468	159594	2185	523	72	523
5537388	93905	1693	413	60	608
21270452	41525	2051	422	68	441
19208606	60752	1812	422	77	452
24024818	79332	1740	419	91	421
2817748	71491	1860	460	77	404
19197157	33870	1649	385	54	408
43623575	16555	1392	307	66	338
23476289	37579	1166	271	42	286
18074021	325031	8905	2181	358	2146
32526207	121818	8239	2363	306	2248
21647237	128405	5914	1772	325	1539
52343686	57560	6564	1368	217	1324
21321220	78144	4635	1276	218	1120
68008588	14135	4406	1138	205	1057
24288353	52838	4939	1079	215	1153
69743932	10551	6331	1176	195	1228
5502330	1086281	5297	940	181	920
67943294	6106	3090	852	166	681
20794122	156565	3672	902	142	816
67744305	10907	2799	649	130	692
92359442	None	None	None	None	None
21922183	49534	2566	702	158	622
67118735	13389	2983	699	126	722
72460394	4444	2658	581	101	619
69471994	3559	2170	558	107	608
16960421	68681	1751	446	78	437
27229383	40200	1758	401	80	410
22835272	39487	1395	363	60	318
32849835	14584	1566	298	41	379
4742307	60980	1139	264	56	250
24664578	15011	1025	291	53	256
13856381	104632	972	227	33	242
66876037	121601	26670	6449	920	6159
19611959	375040	15906	4891	631	3437
69414009	30643	19079	4252	686	4224
569909	1000667	11334	4958	1782	1945
67867988	25622	11704	2841	442	2886
19585835	222236	8599	2001	389	1916
67762096	12301	8104	1813	258	2370
21680549	146972	7987	1915	242	1940
68073496	22073	7100	1724	316	1663
32499199	79717	6519	1517	238	1569
10665396	253161	4560	1174	182	1017
24077263	22067	2888	839	157	743
8672708	140287	3361	813	135	814
24327926	86074	4246	784	137	974
17826881	70472	2703	726	131	679
2040634	692389	2995	681	113	756
14709401	181839	3099	645	83	771
25165420	18880	2223	554	87	538
69749107	2322	1632	592	110	349
66382687	7163	2311	569	90	556
67788628	3776	1636	480	68	336
507186	87037	1847	419	61	485
4109408	30715	1519	380	66	365
21178283	26773	1642	350	46	358
17146538	56395	1522	318	64	400
57380542	33558	646	56	11	69
92729145	None	None	None	None	None
24724899	198168	11341	2439	301	2496
23657253	130692	6261	2063	419	1342
66346570	37920	7113	1940	300	1657
68156682	22881	8287	1848	314	2024
20916796	57484	6175	1544	296	1440
15593051	64269	7172	1753	314	1728
17654466	258327	5502	1199	204	1294
6040070	182941	4245	1011	155	1000
21727530	160108	4438	1010	206	965
6504666	185766	3790	895	140	917
69186608	7655	4299	898	168	1016
90584426	None	None	None	None	None
76983150	4894	3414	875	92	871
24066547	108052	3806	892	151	916
38102563	52693	2929	641	123	569
20938469	82846	3030	699	116	733
66608467	13032	2727	633	120	643
23067515	52871	3023	671	115	714
23213565	30185	2476	593	98	555
67993351	6487	2145	502	75	482
26999160	29253	1766	443	82	455
4706360	126278	2362	464	85	574
6231672	219282	2232	452	80	554
23902094	19874	1377	320	44	293
21175486	41491	1224	267	51	324
68226419	3134	1566	337	67	359
