9033708	211071	8020	1876	279	1792
69290600	47103	25963	7597	1455	5932
77249373	19484	18379	4939	707	5210
83500387	20574	12878	2892	396	2809
5638819	496915	11659	2716	413	2865
76998819	6340	6550	1692	213	1042
33575469	61199	9206	2091	231	2292
66617137	46653	9436	2196	312	2301
92480891	None	None	None	None	None
74605692	16043	7675	1606	198	1633
19643664	313357	6510	1494	238	1605
90101493	None	None	None	None	None
77278916	7969	4093	1017	121	929
92266093	None	None	None	None	None
90501384	None	None	None	None	None
90444171	None	None	None	None	None
6184500	1610341	53573	12347	1854	12556
15908890	1121779	46954	11361	1585	11249
72476515	47084	27267	6463	963	6426
76952651	9859	9519	6056	948	2061
66862539	154160	21155	4667	760	4333
79449804	25035	16720	4375	653	4659
66596123	130981	19248	4769	671	4734
92074989	None	None	None	None	None
76854134	22481	14169	3238	414	3287
76658118	12755	8753	4157	573	1345
27248517	117646	11917	2798	475	2859
67138913	71103	10666	2865	423	2690
23967372	110438	9611	2411	492	2511
32548173	111217	15170	2780	443	3511
66376265	63815	15599	2322	290	2839
17228166	146229	7122	1904	253	2424
5165502	88913	8678	2149	378	2117
77259872	9606	7085	2017	228	1689
66631888	13362	7024	2165	342	1849
65812944	30521	7838	2180	331	2233
63236083	32153	8175	1735	252	1975
15871581	94767	5499	1224	275	1298
21596832	77506	6812	1432	227	1647
9071330	260028	6545	1500	250	1551
66866544	17009	4494	1163	112	1896
75144868	7919	5547	1313	161	1279
91928037	None	None	None	None	None
67556261	10892	5497	1289	226	1265
69537045	7632	4244	1078	196	1069
70767119	6445	3986	888	146	1025
15094438	42612	4863	899	195	1534
24077779	19570	3910	970	123	990
75691276	7791	3030	855	96	1032
24769441	53341	2387	541	109	591
70002678	4160	2831	740	146	755
68051321	6920	2357	550	57	568
15095024	409517	43963	11015	1773	10423
21584102	536810	46014	9699	1403	10908
24508627	318050	32660	7838	1168	7817
22369900	197558	34079	8058	1211	8402
10341059	83243	15860	3658	509	4065
19322600	217538	11412	4414	756	3167
18518363	374343	14590	3258	539	3317
77455621	13857	9678	3483	556	1687
5733236	225497	17424	3960	577	3987
17999384	406911	15065	3427	523	3336
79282973	14864	10601	2837	420	2249
57698657	129070	12140	2705	439	2829
90497593	None	None	None	None	None
57411148	63390	11055	2614	470	2491
6062484	359432	10340	2563	393	2451
59116703	153266	11301	2098	281	2381
6379236	361083	6856	1814	352	1792
72649493	17065	11725	2194	362	2278
21341829	283183	8426	2019	264	1978
66508455	25429	8222	2213	344	1997
5536988	83202	5332	1476	296	1205
91945656	None	None	None	None	None
59118553	51560	7345	1896	286	1828
69675620	9781	5777	1446	225	1345
90000930	None	None	None	None	None
77451677	6991	4790	1270	129	1084
75157285	11143	6878	1551	207	1872
22585879	112068	6842	1215	242	1333
74620823	9141	6185	1399	159	1414
68132998	18954	4462	998	179	1054
17187282	102465	4456	1101	196	1047
76926807	9697	5138	1058	151	920
19488045	86884	3608	791	152	882
15996754	169307	3148	760	128	736
58014518	14475	3255	717	126	816
24806371	65082	4372	819	75	1002
91984901	None	None	None	None	None
32324328	15658	3610	775	91	824
8874249	152463	2462	622	115	651
22130921	69970	2513	586	103	566
13663272	71859	2114	474	83	522
17694352	74928	2274	545	92	612
6334293	15624	1789	439	78	432
79670268	3164	1876	410	44	427
16967856	52287	1820	367	49	371
67377473	3356	1560	361	70	329
66411801	3961	1500	288	53	351
69478245	8053	3435	178	20	871
79215975	27668	19955	3564	241	4341
75124958	10626	6434	674	48	2383
63168657	295554	64949	16398	2169	16205
67330730	183486	54952	13017	2077	12947
72468264	81155	52279	11343	1750	12369
73398005	51784	34496	9520	1673	8267
66914883	42515	20204	6698	1357	4667
13784786	639418	25029	5620	807	5682
76838361	15087	11902	3321	416	2911
65693086	87064	20025	4956	745	4497
65615698	72903	15311	3781	618	3769
37942497	145326	16587	4135	665	4016
72466727	25847	15904	3618	615	3518
32513687	108178	17306	3880	516	3822
67251491	38194	13362	3154	524	3451
67722897	29833	14284	3201	562	3263
22303119	169259	13583	3263	493	3165
5453740	300013	9108	2037	309	2241
91884643	None	None	None	None	None
22911359	339035	10281	1822	290	2041
21343952	182082	8191	1776	163	1992
27534184	23565	7567	1683	297	1803
24011708	204893	7920	1624	267	1830
43558256	149395	6659	1603	326	1567
67900484	17871	6968	1747	311	1732
58753905	39220	8871	2020	273	1984
23712534	143929	6713	1562	352	1541
67398601	34557	8193	1982	263	1943
92024251	None	None	None	None	None
69186516	16040	7862	1822	315	1865
32703033	137157	6282	1400	243	1342
23722274	54032	5629	1323	240	1411
46457708	74910	5503	1232	213	1407
92093171	None	None	None	None	None
24705400	62472	5017	1157	199	1193
66864968	36554	5319	1196	170	1247
76676515	5830	4779	1372	201	1155
33586950	35118	5079	917	210	937
5396656	110539	4559	1056	151	1099
5503317	91106	5035	1245	217	1146
8685655	326176	4157	971	170	961
73418613	4763	3031	879	150	680
75639123	5299	3494	821	87	844
24619699	51502	3455	778	138	856
15910266	73847	3443	853	113	855
5326628	168958	3914	919	149	964
67963481	11224	2851	741	101	681
3434359	64089	3133	787	125	736
17683780	77385	3511	844	157	836
90897221	None	None	None	None	None
83529088	4357	2914	605	63	682
27420071	8181	2109	494	71	474
21171533	47575	2019	439	70	506
69806504	1990	1324	346	78	319
66607504	9194	1401	309	56	319
69265619	1654	769	183	21	200
68046716	21050	3699	429	77	706
17694393	131151	759	169	14	185
27469490	688331	113013	28630	4894	26441
24078657	413862	54870	12366	1696	13028
21584597	754184	41587	9564	1437	9995
79420355	30404	22956	5834	718	5135
67672216	136593	24403	5651	795	5862
83535159	30490	25936	5250	665	6111
19290716	2392786	31342	7160	1001	6814
5278796	1564982	21112	4929	866	5034
65801209	67412	20464	4784	720	4803
70445375	33910	18868	4096	693	4277
18418588	424555	16310	3611	559	3688
91002765	None	None	None	None	None
23086186	101197	15244	3798	735	3485
1926859	1229367	18473	4381	733	4276
18338783	286437	14641	3505	582	3329
68191998	34648	15156	3303	562	4440
76918587	32974	10969	3459	484	2902
69448371	19742	10721	2756	564	2625
507368	47540	15641	3543	488	3679
21109684	202777	14002	3091	404	3235
79450382	18378	13892	5927	403	2268
22701693	113801	13292	3315	560	3089
27238989	135194	11251	2428	390	2615
59400195	54946	9852	2354	474	2183
4703887	406687	10911	2550	378	2471
8065402	758784	10568	2574	374	2452
66026559	20289	6021	2640	375	1329
18021257	115860	9753	2538	356	2397
32308884	44141	10455	2314	363	2393
22076475	82256	10115	2492	342	2302
74068550	9772	6557	1702	201	1523
23402964	214039	7577	1575	300	1736
67681229	13188	7428	1625	210	1667
11560210	244963	5791	1422	172	1471
32383017	98608	5450	1209	184	1116
69298876	7206	4001	947	192	880
57408841	108299	4199	1092	159	1052
18265803	80745	4729	1156	144	1202
18661321	185749	4376	1060	113	1004
58450231	53504	3469	844	164	745
17893329	245519	3978	865	134	926
5816653	54246	2768	818	167	733
76295645	4545	2564	648	78	624
77446549	7456	4285	938	147	972
67455358	21828	3378	816	153	780
3009544	262212	4150	814	105	1071
22370274	239298	4029	828	107	937
83435577	9494	4291	920	81	821
91383129	None	None	None	None	None
22295783	104042	3257	786	104	811
18264824	112088	3367	714	125	830
66821798	10879	3541	756	97	772
69256586	4768	2465	609	119	627
23448732	16343	2988	694	108	690
79233655	5076	2998	715	79	653
15948634	27029	2791	605	78	785
67606460	6206	2345	602	65	629
2319697	143079	2328	606	91	553
4717483	45150	1629	409	83	386
66024055	19951	1558	329	36	354
90112755	None	None	None	None	None
24708153	9034	712	198	26	145
92615890	None	None	None	None	None
22445243	290193	648	159	20	133
80616249	89090	57529	13299	1592	13373
77218611	35646	25800	6014	806	6150
53874382	161304	29465	5855	986	6609
92614673	None	None	None	None	None
67849927	50507	22178	5204	846	4882
58560231	97054	18161	4207	577	4539
6119146	607628	22324	4919	639	5370
22240542	123529	19460	4566	606	4792
13715753	936222	19741	4295	638	4420
77348511	24420	17241	3935	488	3807
67639566	28728	15484	3439	495	3644
68075166	25549	14703	3263	656	3405
4599475	439476	16655	3721	517	3988
58203180	110898	14496	3462	566	3478
74602502	19360	13029	3341	474	2953
20877970	202262	17627	3980	580	3978
69482454	32098	14281	3185	405	3415
51846558	92587	11212	2573	447	2737
2713810	593144	12578	3153	468	3149
23016135	111681	10125	2708	382	2725
68226631	20919	11452	2572	425	2387
4228627	792228	10975	2495	339	2669
6054945	295812	13096	2732	373	2804
74628329	14534	9368	2190	224	2452
67976616	18733	10303	2502	224	2598
2297992	656085	9291	2382	310	2361
4179666	315189	11243	2582	368	2667
73553342	17611	10719	2488	458	2503
