66837305	42505	18824	3814	592	4384
92700001	None	None	None	None	None
91935895	None	None	None	None	None
82693278	13472	11397	4172	564	3130
18973938	103788	7755	1613	255	1617
93055886	None	None	None	None	None
17146822	526115	17639	4272	698	4173
75160321	28476	18130	4438	630	4017
17166215	295891	14224	3785	550	3672
90023980	None	None	None	None	None
6455100	113746	9759	2437	407	2371
69235986	15037	7990	1818	265	1938
18078118	44321	4915	1224	199	1276
4229297	100088	4490	960	129	1129
92023737	None	None	None	None	None
76992280	2339	2063	838	113	576
83511090	4814	3322	846	91	889
67884728	3301	1638	358	45	340
75200752	3441	2173	528	69	383
24508627	318050	32660	7838	1168	7817
69475767	22267	15685	4210	635	4319
10341059	83243	15860	3658	509	4065
5669340	447757	13150	3574	549	3346
17999384	406911	15065	3427	523	3336
67919122	24108	8193	2310	494	2112
69890301	21671	12575	2606	292	2787
24712640	229450	8486	1860	290	1995
4109961	214739	9266	2344	279	2235
67920807	25086	7825	1820	327	1814
5413707	1026735	7631	1878	288	1742
66545346	65315	5803	1507	269	1206
92751187	None	None	None	None	None
69745762	7476	5021	1173	216	1166
22150249	49865	4658	1125	175	1101
24899664	36895	3958	1027	160	928
18318766	46444	4379	945	148	828
21383042	440887	4003	957	109	953
15996754	169307	3148	760	128	736
57518237	43077	3948	841	79	964
93218660	None	None	None	None	None
80611048	2557	1854	473	60	427
69892289	2592	1641	422	94	368
67312181	3241	1250	267	42	320
72468264	81155	52279	11343	1750	12369
73398005	51784	34496	9520	1673	8267
13658071	665239	31194	7232	1049	7232
65693086	87064	20025	4956	745	4497
2100298	345779	13501	3285	485	3255
4673323	189684	14873	3339	505	3440
3123985	154560	14083	3025	420	3210
18492880	204754	10365	2229	322	2516
57556897	21594	8152	1944	295	2078
91925991	None	None	None	None	None
21343952	182082	8191	1776	163	1992
67398601	34557	8193	1982	263	1943
77301520	10407	7091	1431	145	1608
73396567	9331	5390	1224	167	1163
15910266	73847	3443	853	113	855
92157875	None	None	None	None	None
5644302	116663	2978	816	128	754
6008546	47255	896	223	50	208
15916213	191033	754	222	35	184
27469490	688331	113013	28630	4894	26441
3531196	1159054	23899	6196	886	5668
90054513	None	None	None	None	None
2808400	746503	17673	4206	622	4296
69116083	29452	15971	3619	576	3881
22038150	182608	12644	2882	396	2798
66297110	39997	14491	2659	432	8120
91644715	None	None	None	None	None
8077836	276502	9966	2245	360	2203
74068550	9772	6557	1702	201	1523
5433788	340094	8490	2006	314	2046
92452571	None	None	None	None	None
17984733	133920	7143	1640	251	1628
21174343	158258	6342	1391	207	1522
76924805	6888	5652	1492	175	1552
76086493	7560	5239	1334	186	1195
4293435	150713	5526	1208	164	1246
18661321	185749	4376	1060	113	1004
68122143	6939	2664	744	143	576
14196466	35249	1174	303	42	335
79632608	1892	1243	280	46	268
18149081	1092838	89209	20404	3111	21055
90387203	None	None	None	None	None
21225291	337726	21265	5388	804	4830
58560231	97054	18161	4207	577	4539
22049102	170504	12145	3050	501	2870
82864258	18494	15429	3674	419	3313
69456861	22173	12785	2999	499	2835
18133443	170722	9418	2387	452	2207
67976616	18733	10303	2502	224	2598
2203207	334541	9029	2281	245	2139
32550361	175429	11081	2599	341	2588
69702095	17061	7946	1528	205	2003
21752365	43894	5438	1285	162	1305
22242933	158063	5007	1127	163	1160
9269455	183411	5744	1195	149	1435
66168537	41582	4455	1005	159	1047
25008703	42148	4430	1049	122	1001
73433221	4064	2784	762	143	721
21588239	90433	4268	893	133	922
19340358	55724	3293	730	107	771
16983337	228091	3550	813	104	836
45345251	45024	2247	501	111	513
9951261	16650	869	237	44	211
5257277	149858	802	185	35	198
3109576	465186	2150	513	86	487
65610789	105684	32216	7820	1167	7848
24836498	248357	18570	4602	708	4442
56583024	55444	17964	4519	730	4261
22886099	259669	21510	4093	707	4043
76897654	13074	8455	2398	294	1892
38307050	139236	10464	2307	413	2365
69314179	16158	5461	1398	238	1347
69722527	11121	6740	1461	193	1662
2699038	203226	4631	1106	160	1054
19402792	133915	7475	1639	222	1541
3381850	455631	6063	1476	251	1272
27142835	37766	3778	816	135	835
4192057	88809	3751	934	133	796
91997827	None	None	None	None	None
24946639	50139	2591	647	112	607
67342014	15020	4339	706	151	735
6033822	72627	2845	635	105	689
92094088	None	None	None	None	None
5680906	72504	1775	374	48	423
70455136	1727	803	165	32	173
11546966	57131	854	184	31	212
21377339	92346	686	176	32	144
21742003	707496	51757	12742	1981	12570
11552135	1536528	37649	8894	1297	8862
72343104	31724	20535	5866	930	5203
67508097	55995	26499	6187	873	5760
32301863	267286	23613	5364	701	5742
65575288	46893	19929	4772	598	4548
4712756	1077179	18319	4244	637	4373
76952982	29148	18159	4163	575	4252
23523336	144631	8988	2751	496	2594
23637303	98172	13110	3144	339	2960
67996234	20160	10055	2169	415	2201
93368194	None	None	None	None	None
21707176	146548	8054	1712	261	1875
21707216	137470	9076	1380	224	1570
29517682	74515	3523	1393	213	574
18044025	201469	5958	1417	187	1489
76914851	5336	3534	945	124	819
76040238	633	633	598	98	35
23672877	68623	4459	1035	140	971
20814656	68309	7322	1973	259	1905
23105685	132469	3849	970	152	931
18269475	162739	3742	808	132	878
22910105	111043	4063	842	146	1034
69894317	2037	1730	700	99	511
28596877	19756	2880	701	126	756
27173924	34513	2349	631	107	564
6854819	102508	3355	790	93	750
4541488	20052	2543	640	77	618
2577289	82215	2153	491	73	545
67663170	5863	2253	509	84	509
38121430	37430	1621	390	69	416
21160293	54332	1656	343	55	420
32420002	19024	1235	230	38	237
67122945	4658	1347	284	39	290
32564986	26577	1347	315	59	314
76690295	1168	742	202	25	166
3138388	17697	1261	227	41	202
66939722	1441	728	136	31	168
67383433	2064	678	161	28	144
