2717353	81516	7443	2023	357	1740
4184029	29865	2019	881	180	364
73582232	30300	18747	4737	720	4562
500102	1724272	20259	4903	706	5203
66332749	53758	10961	2733	438	2529
13831770	659899	9372	2380	358	2242
4533660	116398	4324	1045	165	1072
2071369	339608	5403	1313	185	1192
76839581	55757	33812	7747	1009	7587
23100214	313554	8985	2239	337	2311
22584393	79235	3515	823	138	824
67086009	28411	4386	1028	92	982
45829388	246473	41574	10844	1629	9230
68978238	33751	20015	5762	743	4600
19595142	90251	7243	1716	265	1691
13775414	126020	4794	1258	228	1077
66303591	78312	7577	1358	198	2239
3428293	53391	1196	388	68	254
5657797	195664	16401	3926	671	3147
72461866	14114	10047	2085	338	2036
3368728	63622	1595	623	125	339
9953130	40380	1785	450	70	456
5863562	280217	4813	1212	172	1189
67085959	17669	3464	945	185	931
5385374	31122	4445	1374	106	1278
4129470	50164	1334	611	107	237
21351979	137931	5209	1446	174	1296
6038929	216723	4375	1163	221	898
50322101	9536	1974	572	103	445
502139	228352	1518	425	49	376
