92104837	None	None	None	None	None
91622963	None	None	None	None	None
76839581	55757	33812	7747	1009	7587
90577425	None	None	None	None	None
6237221	53422	5717	1683	307	1191
24804348	27561	5704	1308	247	733
90486016	None	None	None	None	None
69766674	6638	3191	822	149	794
9292340	59211	3151	792	140	673
18145065	136019	3181	690	93	826
21939018	36845	2237	510	84	559
6089911	392544	17789	4763	715	4437
5657797	195664	16401	3926	671	3147
90465678	None	None	None	None	None
8063997	203398	3107	705	127	646
14748486	109624	3333	797	128	821
21791768	83802	3862	931	113	955
21626910	75818	2797	658	107	676
90413257	None	None	None	None	None
17630825	226787	7744	1787	345	1811
79592630	8809	5878	1485	171	1273
77255108	3687	2557	792	113	568
22440943	43066	2815	701	113	591
22040545	45253	2217	468	37	580
69424008	4127	1807	428	66	428
9856373	27086	1387	373	68	326
4113264	146470	965	238	42	211
24916593	10489	683	161	35	190
92571232	None	None	None	None	None
