79714146	24873	17806	2460	288	3709
79454042	11051	8834	2159	272	2087
83495799	17050	10121	1534	175	1916
90546245	None	None	None	None	None
92230463	None	None	None	None	None
24608007	263492	34087	7619	1124	8087
90509067	None	None	None	None	None
79414179	33670	18173	4475	813	3789
83549331	19284	14261	3332	365	3455
59421092	59203	13199	2671	549	2595
79682176	36259	22588	3822	351	5229
505235	221002	9517	1763	265	1740
9003070	144894	8711	1650	266	1906
66212594	14884	6712	1427	142	1739
92277539	None	None	None	None	None
20926167	868933	68147	15313	2299	15373
4223460	1522130	40986	8840	1262	10045
66885258	173065	36788	7758	1028	8869
22800138	180235	19588	4643	735	4741
13884647	992844	22080	4970	728	5128
91919689	None	None	None	None	None
66557077	61396	24681	5256	624	6140
2186323	584158	12806	3106	650	2787
21044246	233246	13576	2581	376	2989
2229151	215490	11638	2287	320	2761
69711586	19054	9598	2030	299	2002
66105005	24253	5068	1372	186	1158
65998263	29293	8458	1643	315	1993
20665020	48412	3674	737	107	811
22723819	35680	3363	656	129	743
18078897	75717	4875	829	108	1123
22458215	41362	3171	675	87	683
59252131	264077	54847	9639	1127	12733
23911969	348583	30837	5941	734	6957
51439081	161321	28867	5102	607	7233
58322310	128250	23543	4961	615	5505
2459488	575591	18671	3651	531	4351
58638982	185202	12062	2802	470	2816
22175899	87260	10689	2146	227	2564
16970521	87839	5906	1372	231	1433
59206552	295213	11065	1339	180	1639
4736410	106136	5652	1216	198	1389
90588122	None	None	None	None	None
64517174	25593	4476	754	111	1015
90423745	None	None	None	None	None
22738027	34783	1904	441	68	497
90278622	None	None	None	None	None
23925983	337360	22639	4053	519	5907
69116083	29452	15971	3619	576	3881
24000937	66911	6915	1889	369	1608
6004394	179150	9150	1964	266	2115
17884047	36063	9261	1597	254	2075
2197414	167200	8622	1715	211	1960
18285116	44826	10405	1587	220	2203
18295186	90444	7211	1577	282	1773
18293295	879291	6191	1161	90	1542
59286485	36304	4495	943	134	1023
22708306	33965	3319	562	86	869
67399967	6190	2999	599	104	605
83472613	3381	2316	522	59	546
57524667	41921	2688	591	89	640
8990542	305737	5205	335	47	1126
2873341	1633082	28050	6167	985	6453
58322032	144086	23562	4025	475	6007
11955222	399597	14693	3230	560	3486
90479230	None	None	None	None	None
65698783	57554	16460	2384	366	3470
59268955	51047	11730	2244	255	2973
21171716	1170056	9712	1875	297	2091
58825603	55677	7700	1099	137	1684
19096686	114780	5735	979	145	1235
90018113	None	None	None	None	None
90572732	None	None	None	None	None
10022193	18734	3135	572	117	652
90994941	None	None	None	None	None
92046463	None	None	None	None	None
23279662	13158	2166	437	64	443
32337849	54165	2144	442	79	555
21745704	92880	3809	351	59	464
18250202	14514	1460	360	41	312
58441500	17618	1362	324	58	298
66259168	7279	304	129	32	43
17820531	277404	16666	3565	423	4396
90284730	None	None	None	None	None
9898519	417560	12605	2483	473	2878
17877057	169803	11417	2209	302	2523
91952952	None	None	None	None	None
18576266	46478	3913	758	120	903
18248352	15580	2509	582	82	599
82882558	6664	3728	845	87	738
91901174	None	None	None	None	None
68070203	5779	3185	545	58	746
68938512	3666	2218	465	63	526
23563037	15546	2627	362	53	544
83617233	6088	3352	452	32	651
58447223	8866	1156	234	35	299
67409845	16805	1237	228	33	280
21256081	69350	1238	200	42	204
24319651	156152	14257	3310	590	3159
69700292	20977	10604	3274	442	2908
5336795	247938	9014	1586	266	1829
65970357	41989	9070	1858	248	1953
66367965	27483	6077	1397	185	1363
77278768	11225	7031	1452	170	1525
90004928	None	None	None	None	None
17867865	88507	5634	1074	172	1256
6363522	1084165	6061	1209	155	1413
2696980	414976	3946	906	139	993
22888728	28238	4810	890	123	976
17820429	70676	5221	1082	147	1200
27008435	92710	3759	1056	157	959
4081276	87687	10220	1145	113	2336
15083318	62019	4501	951	120	1142
90516542	None	None	None	None	None
23431955	44595	4156	691	114	883
22450002	246714	3329	493	69	1083
93165931	None	None	None	None	None
4267673	31173	2647	575	93	578
69649403	5120	2604	456	63	506
66607038	12388	1931	374	49	360
17867920	8324	203	35	2	44
