22912244	564769	77201	18246	2567	19790
66849507	175741	46094	9296	1360	10331
92049234	None	None	None	None	None
43606310	103304	16174	4203	569	4319
91587671	None	None	None	None	None
17159209	477121	14013	3483	552	3389
73388133	16113	11319	3070	469	2876
91609142	None	None	None	None	None
23231330	73711	16280	2880	437	3481
79454042	11051	8834	2159	272	2087
2012911	256140	6232	1434	177	1500
69715472	7092	4785	1152	172	1115
13876883	2501694	70792	16239	2106	17516
66831905	158416	54342	12864	1780	13735
17647597	757466	53563	12105	1846	12734
6061638	2646991	51724	12344	1511	12890
23735418	349292	48507	11680	1607	11694
22798132	466627	46535	11309	1683	10814
65697224	133067	31341	7616	1017	8985
80619017	45020	28135	6930	773	6702
23436398	385893	35660	7516	1041	7949
18080179	475627	24733	5621	971	5930
20917712	291044	20318	5409	684	5583
91015778	None	None	None	None	None
82691009	17620	12671	3641	416	2960
19156944	476427	14230	3177	511	3329
27234469	133796	8848	3209	474	2582
72355789	27480	14239	3071	474	3267
76728530	16013	11508	3034	314	4413
24824049	193799	10094	2471	458	2354
77261900	12048	8140	2287	241	1815
14744053	304833	8000	1949	339	1904
69279102	8710	5900	1524	257	1392
22567564	67052	6289	1474	287	1528
6008470	150204	8460	1612	261	1797
92781224	None	None	None	None	None
68209468	11825	6153	1499	220	1583
20916613	224734	6094	1397	220	1537
67556261	10892	5497	1289	226	1265
14725077	256766	5379	1363	169	1223
90497805	None	None	None	None	None
81002529	8713	4234	1024	113	994
19225874	75813	3675	882	195	803
26987477	50993	3117	653	121	685
90970265	None	None	None	None	None
93234469	None	None	None	None	None
68231210	2713	1402	481	82	283
92152427	None	None	None	None	None
69648904	58079	40366	10438	1613	9770
67208473	22301	13866	3994	822	3266
66131382	119015	18805	4527	792	4623
70429659	34904	21465	5300	849	5325
26232197	124671	17417	3821	538	4062
68066252	38076	17971	3912	618	4471
5660730	442196	18272	3875	541	4170
67261212	23347	14650	3378	451	3496
22393028	166388	15207	3538	488	3580
2087128	723260	16283	3704	479	4130
8965278	902880	15835	3662	377	4265
21044246	233246	13576	2581	376	2989
17960248	703310	9927	2797	468	1812
68193713	25773	14676	2990	437	3265
18772777	121990	10728	2537	389	2475
19574813	177235	10683	2450	333	2716
2103487	220792	9184	2196	321	2166
27512596	75757	7738	1964	349	1750
19266076	247497	9163	2028	287	2571
69711586	19054	9598	2030	299	2002
17186607	172850	7573	2004	299	1923
65713743	54966	5123	1508	281	1115
24646782	111932	6194	1559	296	1371
18519011	155442	5861	1405	286	1418
21678383	249584	7130	1673	236	1585
69779010	10925	6668	1441	201	1710
58071451	26805	5316	1261	218	1225
13873435	94845	5262	1252	187	1288
43618952	42991	4327	1039	174	1121
21336675	73022	4841	1207	197	1158
91884193	None	None	None	None	None
57773506	10300	2869	810	144	689
562821	149747	4712	1083	179	1096
67622595	18754	3593	853	124	687
92956140	None	None	None	None	None
9518720	42648	3123	795	135	806
32666697	31333	3765	800	114	1008
69686317	10224	5231	889	120	1229
67231719	12066	2509	600	144	612
22303135	39889	2044	584	75	610
66767142	91638	24937	5871	750	6206
80612185	33795	23229	5956	794	5836
69904072	22139	14221	3460	667	3365
74599978	20901	13829	3619	412	3181
93321072	None	None	None	None	None
18245413	184385	11186	2668	450	2904
24941003	88830	11002	2549	392	2677
69238788	24727	11834	2574	393	2796
92927616	None	None	None	None	None
90356311	None	None	None	None	None
5366042	507959	7726	1968	244	2040
67083790	16217	7258	1668	313	1666
52117769	65160	5795	1561	285	1453
67724527	15452	8539	1709	205	2229
67469686	29952	6923	1456	301	1510
15102581	111095	7091	1422	227	1733
69851142	13116	7497	1382	166	1928
81268711	7961	4927	1241	147	1063
14657967	164389	5442	1057	144	1378
22675649	82357	4934	1176	166	1204
22423924	57662	4292	971	139	1028
2122738	141616	3398	882	162	802
22652933	72856	3336	854	154	818
4655507	244006	3462	775	91	823
15859918	58859	2547	566	94	622
23984250	11606	1960	427	70	518
79362124	2439	1685	446	54	363
90423745	None	None	None	None	None
90477329	None	None	None	None	None
18029329	53974	1730	418	78	448
57307082	9957	1588	433	71	378
23749921	48473	2652	457	65	540
18136400	66270	1196	313	69	287
20904310	34758	1008	209	34	254
67749609	30526	829	133	19	162
22231975	35164	550	105	19	137
83473967	9847	7867	2062	188	1770
69547723	68494	44354	8564	1543	9649
67916727	41216	24299	5655	754	5850
5256874	429505	16576	3636	526	4075
68069128	20178	13934	2887	428	2931
92122825	None	None	None	None	None
69428802	20707	11341	2459	373	2584
5466901	140378	12282	2786	479	2782
21146692	191585	10559	2538	396	2506
67622780	37693	7972	1767	230	1858
72447153	10751	7121	1735	280	1857
58922931	32826	6260	1467	238	1474
27034054	75940	7252	1649	220	1799
23515249	72680	8971	1842	317	2085
27392873	81292	7018	1594	281	1701
5185389	362102	7929	1884	292	1867
28592387	59710	4439	1373	196	1217
90411579	None	None	None	None	None
67924245	13985	5591	1235	189	1426
66821320	17083	5033	1160	172	1314
69139982	11303	5446	1080	141	1280
45301512	58469	5845	1179	143	1373
92265327	None	None	None	None	None
90044586	None	None	None	None	None
27267468	21915	3726	937	127	1017
76991210	5403	3712	852	130	883
2247697	82876	3740	992	152	888
22689514	30340	3345	797	124	863
8620143	140932	3327	779	149	733
2768503	56318	3151	810	98	1041
24819364	34585	2877	611	109	706
59120664	22111	2490	558	84	625
65924826	16961	2409	524	86	608
6298715	206172	2294	612	89	544
17948659	133199	2490	598	63	596
15857294	48156	2148	450	81	564
18282726	73079	2124	511	76	508
5537388	93905	1693	413	60	608
19208606	60752	1812	422	77	452
91623526	None	None	None	None	None
22405128	301258	4214	302	44	1110
57282124	174357	35597	9356	1415	8577
43616597	138490	20288	4605	724	5012
27238069	150095	18945	4141	549	4591
72340686	26426	17199	4036	615	4099
72356272	15158	11306	3027	384	2988
19663098	1373009	14680	3076	427	3485
68174695	32441	12682	2740	415	2960
69291207	15879	11299	3438	381	5645
90023655	None	None	None	None	None
18899984	166808	20065	2854	321	3679
18074021	325031	8905	2181	358	2146
58652554	46898	8615	1981	348	1960
20721356	124069	9244	1979	390	2172
21647237	128405	5914	1772	325	1539
21171716	1170056	9712	1875	297	2091
70448843	14232	9219	2339	320	2191
6851102	355203	9902	2420	292	2525
19634573	275681	9526	2184	267	2472
26955721	62206	11652	1917	234	2302
4099628	322295	5317	1749	246	1723
67361619	11434	6311	1361	217	1460
76899355	8340	5785	1727	168	1325
59167934	19563	7190	1426	238	1612
79257052	8373	6327	1614	193	1368
20900449	149506	5257	1255	231	1190
4123082	443547	7000	1530	224	1693
58825603	55677	7700	1099	137	1684
24288353	52838	4939	1079	215	1153
92440045	None	None	None	None	None
90108145	None	None	None	None	None
90018113	None	None	None	None	None
4190857	75009	3318	882	128	948
32841388	44431	2905	729	130	680
16721357	91045	2911	669	122	689
18771334	37001	2084	552	83	507
32517135	23605	2773	586	85	679
79233760	3158	2283	661	60	580
92074429	None	None	None	None	None
90967269	None	None	None	None	None
67737592	15496	1739	350	67	420
13896035	109072	1697	366	55	371
32849835	14584	1566	298	41	379
4742307	60980	1139	264	56	250
13856381	104632	972	227	33	242
83364556	12505	10148	4891	1547	1373
58965149	107863	19577	5080	661	4991
3496786	491363	17603	4278	560	4627
69035954	14996	7319	2927	566	1332
27255437	118877	11638	2580	401	2665
66418345	42902	9338	2251	374	2454
68170963	25112	11087	2643	293	2873
73573041	15085	9259	2172	307	2355
76961537	19612	11727	2623	312	2510
3071557	426964	8666	2080	294	2107
32499199	79717	6519	1517	238	1569
75713015	11258	7192	1677	180	1939
23007636	123296	7476	1691	250	1826
67823578	20737	7210	1559	247	1641
69456725	11984	6457	1198	211	1837
19437333	91264	6368	1265	168	1723
21278283	120741	4453	1166	214	1110
10665396	253161	4560	1174	182	1017
27263281	30396	3255	919	160	858
66458486	16743	3644	911	161	997
24077263	22067	2888	839	157	743
8672708	140287	3361	813	135	814
92419895	None	None	None	None	None
5366714	91879	3335	752	119	761
5557734	57255	3286	709	92	832
83541243	2877	2024	561	72	456
92252304	None	None	None	None	None
48547757	48449	2315	582	85	538
2040634	692389	2995	681	113	756
14709401	181839	3099	645	83	771
25165420	18880	2223	554	87	538
66382687	7163	2311	569	90	556
67788628	3776	1636	480	68	336
501788	306789	2088	491	63	461
6856444	86553	1489	327	65	372
23089295	14306	367	85	12	74
76720327	45710	31348	8224	929	7783
69210476	52313	27937	6288	949	6767
45829444	315322	25542	5854	1014	5783
4078315	2994656	31004	7251	884	7599
27163125	225592	22651	5061	754	5356
