9033708	744	9.3	9.1	9.3
69290600	73	9.2	9.3	9.4
77249373	253	9.2	9.3	9.2
83500387	183	9.2	9.0	9.2
5638819	637	9.2	9.0	8.7
76998819	146	9.2	9.3	9.1
33575469	59	9.2	8.6	9.3
66617137	1543	9.2	9.2	9.3
92480891	112	9.2	9.2	9.3
74605692	72	9.2	8.3	9.2
19643664	848	9.2	9.3	9.2
90101493	89	9.2	9.2	9.1
77278916	67	9.2	9.0	9.2
92266093	41	9.2	9.1	9.2
90501384	68	9.2	9.1	9.1
90444171	164	9.2	9.2	9.2
6184500	5239	9.1	9.3	9.4
15908890	913	9.1	9.2	9.2
72476515	374	9.1	9.1	9.2
76952651	575	9.1	9.1	9.0
66862539	195	9.1	9.0	9.0
79449804	45	9.1	8.9	9.2
66596123	347	9.1	9.2	9.1
92074989	207	9.1	9.2	9.1
76854134	161	9.1	9.3	9.2
76658118	402	9.1	9.1	9.0
27248517	71	9.1	9.1	9.2
67138913	242	9.1	9.2	9.3
23967372	154	9.1	9.2	9.1
32548173	409	9.1	8.8	9.2
66376265	466	9.1	9.2	9.3
17228166	385	9.1	9.2	9.2
5165502	91	9.1	9.1	9.0
77259872	129	9.1	8.4	9.0
66631888	921	9.1	9.4	9.4
65812944	51	9.1	8.9	8.6
63236083	53	9.1	8.9	9.3
15871581	45	9.1	8.6	8.9
21596832	144	9.1	8.6	9.1
9071330	197	9.1	8.9	9.1
66866544	325	9.1	8.9	9.2
75144868	114	9.1	8.8	9.1
91928037	71	9.1	9.1	9.1
67556261	289	9.1	9.3	9.2
69537045	145	9.1	9.2	9.1
70767119	136	9.1	9.1	9.2
15094438	87	9.1	9.1	9.1
24077779	39	9.1	8.5	8.7
75691276	46	9.1	8.4	9.1
24769441	62	9.1	9.1	9.2
70002678	383	9.1	8.1	8.9
68051321	43	9.1	8.4	8.9
15095024	634	9.0	9.1	9.0
21584102	514	9.0	9.2	9.0
24508627	152	9.0	8.5	9.0
22369900	1411	9.0	9.1	9.2
10341059	158	9.0	9.2	9.2
19322600	326	9.0	9.3	9.1
18518363	386	9.0	9.2	9.2
77455621	77	9.0	8.6	9.2
5733236	196	9.0	8.6	9.1
17999384	484	9.0	9.1	9.1
79282973	149	9.0	9.2	9.2
57698657	480	9.0	9.1	9.1
90497593	301	9.0	9.1	9.0
57411148	95	9.0	9.0	9.1
6062484	416	9.0	8.0	8.4
59116703	49	9.0	9.0	9.0
6379236	80	9.0	9.1	9.1
72649493	54	9.0	8.7	8.6
21341829	439	9.0	9.1	8.9
66508455	426	9.0	9.1	9.1
5536988	158	9.0	8.8	9.0
91945656	68	9.0	9.1	9.1
59118553	268	9.0	9.1	8.9
69675620	158	9.0	9.0	9.1
90000930	76	9.0	9.0	9.1
77451677	107	9.0	8.9	8.7
75157285	112	9.0	9.2	9.2
22585879	337	9.0	8.9	9.0
74620823	663	9.0	9.1	9.0
68132998	76	9.0	8.8	8.6
17187282	40	9.0	8.8	9.1
76926807	89	9.0	8.4	9.0
19488045	75	9.0	9.1	8.9
15996754	76	9.0	8.7	9.0
58014518	69	9.0	9.1	9.0
24806371	38	9.0	8.1	8.8
91984901	63	9.0	8.7	8.8
32324328	276	9.0	9.1	9.2
8874249	64	9.0	8.5	8.9
22130921	74	9.0	9.1	8.9
13663272	129	9.0	9.1	9.0
17694352	161	9.0	8.5	9.1
6334293	45	9.0	9.2	9.2
79670268	29	9.0	9.0	8.8
16967856	63	9.0	8.7	9.0
67377473	62	9.0	9.2	9.1
66411801	63	9.0	8.0	9.1
69478245	42	9.0	9.1	9.1
79215975	43	9.0	8.9	9.0
75124958	98	9.0	8.9	9.1
63168657	821	8.9	9.3	9.1
67330730	530	8.9	9.2	9.1
72468264	182	8.9	9.1	9.0
73398005	153	8.9	8.8	9.0
66914883	180	8.9	9.1	9.2
13784786	758	8.9	9.1	9.1
76838361	78	8.9	9.3	9.3
65693086	377	8.9	9.2	9.2
65615698	141	8.9	9.2	8.9
37942497	236	8.9	9.1	9.1
72466727	45	8.9	9.0	8.9
32513687	217	8.9	8.5	8.8
67251491	93	8.9	8.9	8.9
67722897	62	8.9	9.1	9.3
22303119	249	8.9	9.1	9.1
5453740	130	8.9	9.0	8.9
91884643	101	8.9	8.7	8.4
22911359	79	8.9	8.5	8.5
21343952	280	8.9	8.8	9.1
27534184	163	8.9	9.1	8.8
24011708	80	8.9	8.5	8.5
43558256	80	8.9	8.7	8.8
67900484	157	8.9	9.2	9.0
58753905	344	8.9	8.8	8.9
23712534	79	8.9	9.0	9.0
67398601	467	8.9	9.0	9.2
92024251	142	8.9	9.1	8.8
69186516	55	8.9	8.8	8.9
32703033	74	8.9	8.6	8.8
23722274	115	8.9	9.1	9.0
46457708	158	8.9	9.0	8.6
92093171	115	8.9	8.9	9.1
24705400	132	8.9	9.1	8.6
66864968	169	8.9	9.1	9.0
76676515	89	8.9	9.1	9.1
33586950	82	8.9	8.8	8.1
5396656	58	8.9	8.9	9.0
5503317	107	8.9	8.5	9.0
8685655	122	8.9	9.0	8.9
73418613	178	8.9	9.1	9.0
75639123	96	8.9	9.1	9.1
24619699	76	8.9	8.6	8.9
15910266	120	8.9	9.0	9.1
5326628	226	8.9	9.1	9.0
67963481	47	8.9	8.7	8.8
3434359	248	8.9	8.6	8.9
17683780	273	8.9	8.7	8.7
90897221	217	8.9	8.9	9.0
83529088	54	8.9	9.2	9.2
27420071	75	8.9	8.9	9.2
21171533	78	8.9	9.1	9.0
69806504	69	8.9	8.8	8.8
66607504	40	8.9	8.8	9.0
69265619	63	8.9	8.9	9.1
68046716	42	8.9	8.9	8.6
17694393	188	8.9	8.2	9.1
27469490	159	8.8	9.1	9.1
24078657	174	8.8	9.1	8.9
21584597	331	8.8	9.1	8.8
79420355	105	8.8	9.1	9.0
67672216	458	8.8	8.9	9.1
83535159	317	8.8	9.1	9.0
19290716	322	8.8	9.0	9.0
5278796	67	8.8	8.5	8.2
65801209	131	8.8	8.8	8.2
70445375	260	8.8	9.1	9.0
18418588	477	8.8	8.5	8.8
91002765	137	8.8	9.1	8.9
23086186	83	8.8	9.1	9.1
1926859	242	8.8	9.2	9.0
18338783	72	8.8	8.8	8.6
68191998	262	8.8	9.0	8.7
76918587	199	8.8	9.4	8.6
69448371	184	8.8	9.0	8.5
507368	351	8.8	8.7	8.7
21109684	130	8.8	9.0	8.5
79450382	171	8.8	9.1	8.9
22701693	76	8.8	8.3	8.2
27238989	122	8.8	9.1	8.8
59400195	81	8.8	9.1	9.0
4703887	49	8.8	7.6	7.6
8065402	435	8.8	9.1	9.1
66026559	1601	8.8	9.0	8.5
18021257	193	8.8	9.1	9.1
32308884	212	8.8	9.2	9.2
22076475	78	8.8	7.7	8.1
74068550	52	8.8	9.0	9.0
23402964	123	8.8	9.0	8.8
67681229	266	8.8	9.0	8.9
11560210	332	8.8	8.8	9.2
32383017	44	8.8	8.8	8.5
69298876	78	8.8	8.5	8.8
57408841	329	8.8	9.1	9.1
18265803	46	8.8	8.9	8.9
18661321	378	8.8	8.7	8.3
58450231	74	8.8	8.8	8.5
17893329	257	8.8	8.7	9.1
5816653	114	8.8	9.1	8.8
76295645	100	8.8	8.8	9.0
77446549	159	8.8	9.0	8.9
67455358	72	8.8	9.0	8.9
3009544	265	8.8	9.0	8.9
22370274	48	8.8	8.7	8.8
83435577	88	8.8	8.4	9.1
91383129	66	8.8	9.0	8.9
22295783	189	8.8	9.0	9.1
18264824	186	8.8	9.2	8.7
66821798	39	8.8	8.4	9.0
69256586	39	8.8	8.8	9.0
23448732	103	8.8	8.4	8.8
79233655	84	8.8	9.0	9.1
15948634	96	8.8	9.0	9.0
67606460	36	8.8	8.6	8.9
2319697	116	8.8	8.1	8.7
4717483	73	8.8	8.8	8.8
66024055	42	8.8	8.4	8.5
90112755	40	8.8	8.4	8.9
24708153	32	8.8	8.5	8.8
92615890	41	8.8	8.7	8.4
22445243	51	8.8	8.1	8.9
80616249	135	8.7	9.2	9.0
77218611	190	8.7	8.9	8.8
53874382	591	8.7	9.1	9.1
92614673	227	8.7	9.1	9.2
67849927	151	8.7	8.9	8.9
58560231	149	8.7	8.9	8.9
6119146	567	8.7	9.1	8.7
22240542	227	8.7	8.5	8.4
13715753	93	8.7	7.8	7.8
77348511	51	8.7	8.6	8.8
67639566	67	8.7	8.5	9.0
68075166	100	8.7	9.0	9.0
4599475	227	8.7	9.0	9.0
58203180	84	8.7	7.9	8.3
74602502	108	8.7	9.1	9.0
20877970	231	8.7	9.1	9.0
69482454	275	8.7	9.1	8.4
51846558	71	8.7	8.5	8.8
2713810	219	8.7	9.0	9.0
23016135	148	8.7	9.0	8.7
68226631	245	8.7	8.5	8.9
4228627	384	8.7	9.1	9.1
6054945	300	8.7	8.8	8.7
74628329	133	8.7	9.0	8.9
67976616	308	8.7	9.1	9.1
2297992	199	8.7	9.0	8.4
4179666	195	8.7	8.5	8.6
73553342	268	8.7	9.2	9.0
