77274955	60	9.2	9.2	9.2
92077298	26	9.2	9.1	9.2
90411302	14	9.2	9.2	9.3
18616000	339	9.2	9.2	9.2
92891437	18	9.2	9.2	9.2
66967345	61	9.1	9.1	9.1
92532079	23	9.1	9.0	9.1
5260219	407	9.1	9.2	9.2
92176219		9.1	9.2	9.2
92618655	18	9.1	8.8	9.0
69197173	45	9.1	9.1	9.1
91674082	22	9.1	9.1	9.1
80984135	22	9.1	8.9	9.1
91999219	22	9.1	9.1	9.2
90340842	20	9.1	9.1	9.1
66427230	127	9.1	9.0	9.0
92287772	19	9.1	9.2	9.2
92176637	16	9.1	9.1	9.2
24113157	149	9.1	8.6	9.1
21308298	201	9.1	9.0	9.1
90506755	23	9.1	9.2	9.1
92771574	18	9.1	9.2	9.1
93098066	27	9.1	9.1	9.1
67663160	95	9.1	8.9	9.1
69960385	60	9.1	8.9	9.0
3098965	183	9.1	9.0	9.1
91595497	82	9.0	8.9	9.0
67027650	31	9.0	8.9	9.1
69109343	42	9.0	9.0	9.1
80538352	142	9.0	9.1	9.1
90887714	61	9.0	9.1	9.1
92103489	17	9.0	8.9	9.0
91640794	17	9.0	9.1	9.1
21293795	1443	9.0	9.0	9.1
66582323	37	9.0	8.2	9.0
58503050	34	9.0	9.0	9.0
73508755	39	9.0	9.1	9.0
22143447	31	9.0	9.1	9.1
65625961	162	9.0	9.0	9.1
92345175	23	9.0	8.8	9.0
91626913	34	9.0	9.0	9.0
66505202	19	9.0	9.0	9.0
19467601	32	9.0	8.8	9.0
91954725	22	9.0	8.7	9.0
79449450	55	9.0	8.8	8.9
82459127	48	9.0	9.1	9.1
91955519	15	9.0	9.0	9.0
17646921	21	9.0	8.7	9.0
92901105	12	9.0	8.8	9.0
5490335	135	9.0	8.8	8.9
67835270	555	9.0	9.0	9.0
90404000	72	8.9	8.8	9.0
22912565	30	8.9	8.0	8.6
67898831	42	8.9	9.1	8.9
69896403	49	8.9	8.6	8.8
69209189	257	8.9	8.9	8.9
92341505	19	8.9	8.9	8.9
66250128	867	8.9	8.6	9.0
32608312	842	8.9	8.8	9.0
92143994	14	8.9	8.8	9.0
90469880	45	8.9	9.1	8.9
13767059	20	8.9	8.6	8.6
69330252	20	8.9	8.3	9.0
76727769	33	8.9	9.0	9.1
67059521	61	8.8	8.1	8.8
91971976	20	8.8	9.1	9.1
21033764	33	8.8	8.7	8.6
69304269	16	8.8	8.5	9.0
68173707	19	8.8	8.7	8.8
68003989	45	8.8	9.0	9.0
56811313	42	8.8	8.7	8.6
56616634	34	8.8	9.0	9.0
24330537	173	8.8	8.8	8.9
77275475	20	8.8	8.8	8.9
6272514	56	8.8	8.3	8.3
90367183	15	8.8	8.6	8.8
5734907	148	8.8	8.0	8.0
91074447	16	8.8	8.6	9.0
91966059	21	8.8	8.8	8.8
92639992	21	8.8	8.9	8.8
90434951	16	8.8	8.9	9.0
92398186	25	8.8	8.6	8.9
83619875	46	8.8	8.7	8.8
69458458	75	8.8	8.8	8.4
22121297	88	8.7	8.2	8.4
92383698	57	8.7	9.0	9.0
68149878	36	8.7	8.7	8.6
75196150	22	8.7	8.8	9.1
90516968	24	8.7	8.6	8.8
92673024	32	8.7	8.8	9.0
27268384	56	8.7	8.5	8.6
24740224	41	8.7	8.3	8.5
43598840	42	8.7	8.4	8.7
12591965	38	8.7	8.1	8.5
69266983	15	8.7	8.2	8.3
19821841	63	8.7	8.5	8.7
93102313	37	8.7	8.3	8.6
91946204	18	8.7	9.0	9.0
90896463	28	8.7	8.8	8.9
69749393	17	8.7	8.3	8.0
67388297	16	8.7	8.1	8.4
33599067	44	8.7	8.7	8.4
82470727	20	8.7	8.5	8.9
90891891	18	8.7	8.8	9.0
26204746	239	8.7	8.5	8.6
24112969	38	8.7	8.4	8.3
10351521	160	8.7	8.7	8.9
8946985	45	8.7	8.6	8.5
69519173	18	8.7	8.9	8.9
59156467	60	8.7	8.6	8.5
24711011	40	8.7	7.9	8.2
43385319	37	8.7	8.9	8.7
92078624	22	8.7	8.5	8.2
76983215	45	8.7	8.4	8.8
32712016	245	8.7	8.1	8.5
22740528	43	8.7	8.7	8.3
6028250	55	8.7	8.7	8.2
92175050	30	8.7	8.0	8.9
67925318	16	8.7	8.2	8.4
73032529	35	8.7	8.4	8.7
32587529	39	8.7	8.4	8.4
68197997	20	8.7	8.6	8.7
6984742	37	8.7	8.3	8.4
67446477	21	8.7	8.5	8.1
13909224	22	8.7	8.6	8.7
45306122	17	8.7	8.6	8.6
72445230	15	8.7	8.8	9.0
82878121	15	8.7	8.7	8.3
17942438	121	8.7	8.2	8.5
7330293	34	8.7	8.4	8.5
19592292	48	8.7	8.9	8.7
68230554	119	8.6	8.7	8.5
57623766	48	8.6	8.3	8.2
91970091	25	8.6	8.2	8.7
92895852	33	8.6	8.7	8.5
92090557	46	8.6	9.0	9.1
5497675	41	8.6	8.2	8.2
6137665	50	8.6	8.5	7.9
26204731	207	8.6	8.5	8.9
70425772	38	8.6	9.0	9.0
92481179	20	8.6	9.0	9.0
6850914	73	8.6	8.1	8.2
83431351	99	8.6	8.9	9.0
52345803	175	8.6	8.8	8.4
65776696	45	8.6	9.0	8.7
17977418	162	8.6	8.6	9.0
90951360	18	8.6	8.6	8.9
13796920	41	8.6	8.4	8.2
66991691	45	8.6	8.6	8.7
92455458	63	8.6	8.5	7.7
23042751	14	8.6	8.4	8.5
19633243	40	8.6	8.7	8.4
92071374	18	8.6	8.6	8.3
67292084	15	8.6	8.2	8.3
20651660	34	8.6	7.2	8.2
91607475	30	8.6	8.4	8.6
5339502	29	8.6	7.8	7.6
66134465	46	8.6	8.7	8.5
5248324	20	8.6	7.9	8.8
11576645	19	8.6	8.5	8.4
21374340	25	8.6	8.4	8.2
18621940	57	8.6	8.3	8.6
13833309	36	8.6	8.6	8.4
4135267	137	8.6	7.5	7.6
66368889	25	8.6	7.9	8.6
66800147	51	8.6	8.8	8.5
69113772	17	8.6	8.3	8.4
67061428	52	8.6	8.8	8.4
14739399	22	8.6	8.1	7.6
17194050	38	8.6	8.4	8.6
91603130	42	8.6	8.2	8.3
68248221	66	8.6	8.4	9.0
18490618	33	8.6	7.9	8.2
66354847	69	8.6	8.8	8.7
14170238	51	8.6	8.6	8.0
57485351	32	8.6	8.2	9.0
22873713	26	8.6	8.6	8.8
66403475	15	8.6	8.4	8.6
90306746	24	8.6	8.8	8.6
24739835	21	8.6	8.6	8.4
67982814	18	8.6	8.8	8.9
80547502	18	8.6	8.4	8.4
92833105		8.6	8.6	8.6
59019675	39	8.6	8.4	8.6
69182717	51	8.6	8.5	8.1
92434382	19	8.6	8.5	8.7
6065810	33	8.6	8.4	8.2
62171262	29	8.6	8.3	8.5
20841540	190	8.6	8.5	8.8
2736721	15	8.6	7.7	8.5
18228420	21	8.6	8.6	8.6
22320511	29	8.6	8.7	8.7
93315753	18	8.6	8.5	8.6
73572243	23	8.6	8.6	8.7
67300200	20	8.6	8.5	8.5
65982584	27	8.6	8.8	8.5
66381954	101	8.6	8.2	8.6
5490328	120	8.6	8.3	8.8
92148463	27	8.5	8.2	8.4
79296471	98	8.5	8.6	8.2
4096520	62	8.5	8.4	8.2
6131906	130	8.5	8.4	8.3
24889374	21	8.5	8.7	8.6
66815919	34	8.5	8.3	8.4
5449260	40	8.5	7.8	7.8
22235754	82	8.5	8.6	8.7
32595772	51	8.5	8.6	8.3
90033258	21	8.5	8.2	8.6
12286664	31	8.5	8.6	8.4
6423399	86	8.5	8.2	8.1
22827736	30	8.5	8.2	8.3
23712412	49	8.5	8.8	9.0
69285887	42	8.5	8.4	8.4
67094453	37	8.5	8.9	9.0
23586640	41	8.5	8.3	8.1
74601887	13	8.5	8.6	8.5
38753198	37	8.5	8.6	8.4
66957586	51	8.5	8.1	8.1
73610847	78	8.5	8.3	8.7
23049334	43	8.5	8.5	8.4
69896585	72	8.5	8.3	8.8
92256807	30	8.5	8.2	8.3
17783225	60	8.5	8.3	7.9
73550679	33	8.5	8.4	8.4
73149099	20	8.5	8.3	8.0
24934229	47	8.5	8.5	7.8
15873366	59	8.5	8.5	7.8
8692457	51	8.5	8.5	8.3
66800689	22	8.5	8.5	8.3
92479409	18	8.5	8.4	8.3
70165628	34	8.5	8.2	8.2
3129649	18	8.5	8.5	8.8
92733684	44	8.5	8.3	8.5
75171172	21	8.5	8.4	8.5
90378527	48	8.5	8.5	7.9
23996470	30	8.5	8.4	8.2
24916417	45	8.5	8.4	8.4
6016296	21	8.5	8.2	7.8
22212432	89	8.5	8.3	7.8
17651918	42	8.5	8.6	8.3
6830812	29	8.5	8.3	8.0
90000927	16	8.5	8.4	8.8
92736460	14	8.5	8.5	8.4
57631111	32	8.5	8.1	8.4
4724495	24	8.5	7.8	7.4
69826571	17	8.5	8.4	8.4
22544862	37	8.5	8.0	7.8
92497872	52	8.5	8.5	8.5
91030419	29	8.5	8.8	9.0
69621600	37	8.5	8.6	8.2
